Afghanistan,2010,2002,42,55.2,2.8
Afghanistan,2010,2003,41.8,55.4,2.8
Afghanistan,2010,2004,44.7,52.9,2.4
Afghanistan,2010,2005,44.7,52.9,2.4
Afghanistan,2010,2006,44.6,53,2.4
Afghanistan,2010,2007,44.6,53,2.4
Afghanistan,2010,2008,44.6,53,2.4
Afghanistan,2010,2015,41.47,22.41,54
Afghanistan,2010,2016,41.03,22.49,54
Afghanistan,2010,2017,40.92,22.22,54
Albania,2010,2002,28.8,64,7.2
Albania,2010,2003,28.1,64.6,7.3
Albania,2010,2004,26.4,65.3,8.3
Albania,2010,2005,25.6,65.8,8.6
Albania,2010,2006,24.8,66.3,8.9
Albania,2010,2007,24.1,66.6,9.3
Albania,2010,2008,23.6,66.9,9.5
Albania,2010,2015,18.78,18.67,54
Albania,2010,2016,18.37,18.09,54
Albania,2010,2017,18.05,17.47,54
Algeria,2010,2002,33.5,62.4,4.1
Algeria,2010,2003,32.8,63,4.2
Algeria,2010,2004,29.9,65.5,4.6
Algeria,2010,2005,29,66.3,4.7
Algeria,2010,2006,28.1,67.1,4.8
Algeria,2010,2007,27.2,67.9,4.8
Algeria,2010,2008,26.3,68.7,5
Algeria,2010,2015,28.75,16.64,54
Algeria,2010,2016,29.06,15.95,54
Algeria,2010,2017,29.31,15.3,54
American Samoa,2010,2002,38.1,56.7,5.2
American Samoa,2010,2003,37.5,57,5.4
American Samoa,2010,2004,36.6,60.3,3.1
American Samoa,2010,2005,35.7,61.3,3
American Samoa,2010,2006,34.7,62.4,2.9
American Samoa,2010,2007,33.6,63.5,2.9
American Samoa,2010,2008,34.4,61.8,3.8
American Samoa,2010,2015,24.45,19.61,54
American Samoa,2010,2016,24.04,18.76,54
American Samoa,2010,2017,30.28,18.79,54
Andorra,2010,2002,15.2,71.9,12.9
Andorra,2010,2003,15.1,71.7,13.2
Andorra,2010,2004,15,71.6,13.4
Andorra,2010,2005,14.8,71.5,13.7
Andorra,2010,2006,14.7,71.4,14
Andorra,2010,2007,14.5,71.2,14.3
Andorra,2010,2008,15.5,72.5,12
Andorra,2010,2015,15.04,9.42,54
Andorra,2010,2016,14.74,9.52,54
Andorra,2010,2017,14.4,9.64,54
Angola,2010,2002,43.3,53.9,2.8
Angola,2010,2003,43.5,53.7,2.8
Angola,2010,2004,43.5,53.7,2.8
Angola,2010,2005,43.4,53.7,2.8
Angola,2010,2006,43.7,53.5,2.8
Angola,2010,2007,43.7,53.5,2.8
Angola,2010,2008,43.6,53.6,2.7
Angola,2010,2015,42.95,20.65,54
Angola,2010,2016,42.72,20.72,54
Angola,2010,2017,48.12,18.25,54
Anguilla,2010,2002,25,68.1,6.9
Anguilla,2010,2003,24.3,68.8,6.8
Anguilla,2010,2004,23.8,69.4,6.8
Anguilla,2010,2005,23.2,69.9,6.9
Anguilla,2010,2006,22.8,70.4,6.9
Anguilla,2010,2007,22.3,70.8,6.9
Anguilla,2010,2008,24.8,67.6,7.6
Anguilla,2010,2015,22.84,14.06,54
Anguilla,2010,2016,22.48,14.05,54
Anguilla,2010,2017,22.21,14.08,54
Antigua And Barbuda,2010,2002,28,67.3,4.7
Antigua And Barbuda,2010,2003,28.1,67.4,4.5
Antigua And Barbuda,2010,2004,28.1,67.6,4.3
Antigua And Barbuda,2010,2005,27.9,68,4.1
Antigua And Barbuda,2010,2006,27.6,68.5,3.9
Antigua And Barbuda,2010,2007,27.3,69,3.7
Antigua And Barbuda,2010,2008,27.2,66.3,6.6
Antigua And Barbuda,2010,2015,23.85,16.89,54
Antigua And Barbuda,2010,2016,23.36,17,54
Antigua And Barbuda,2010,2017,23.09,16.83,54
Argentina,2010,2002,26.3,63.2,10.5
Argentina,2010,2003,26.2,63.4,10.4
Argentina,2010,2004,25.9,63.6,10.5
Argentina,2010,2005,25.6,63.9,10.6
Argentina,2010,2006,25.2,64.1,10.6
Argentina,2010,2007,24.9,64.4,10.7
Argentina,2010,2008,25.8,63.5,10.8
Argentina,2010,2015,24.74,15.59,54
Argentina,2010,2016,24.72,15.43,54
Argentina,2010,2017,24.59,15.28,54
Armenia,2010,2002,22.2,67.7,10.1
Armenia,2010,2003,21.1,68.3,10.6
Armenia,2010,2004,22.7,66.7,10.6
Armenia,2010,2005,21.6,67.5,10.9
Armenia,2010,2006,20.5,68.4,11.1
Armenia,2010,2007,19.5,69.3,11.2
Armenia,2010,2008,18.7,70.3,11
Armenia,2010,2015,19.05,14.42,54
Armenia,2010,2016,19,13.58,54
Armenia,2010,2017,18.94,12.89,54
Aruba,2010,2002,21,68.4,10.6
Aruba,2010,2003,20.7,68.3,11
Aruba,2010,2004,20.3,68.2,11.4
Aruba,2010,2005,19.9,68.2,11.9
Aruba,2010,2006,19.5,68.2,12.3
Aruba,2010,2007,19.7,70.2,10.1
Aruba,2010,2008,19.4,70.3,10.4
Aruba,2010,2015,17.69,13.27,54
Aruba,2010,2016,17.66,13.03,54
Aruba,2010,2017,17.64,12.78,54
Australia,2010,2002,20.4,67,12.6
Australia,2010,2003,20.2,67.1,12.7
Australia,2010,2004,20.1,67.2,12.8
Australia,2010,2005,19.8,67.2,12.9
Australia,2010,2006,19.6,67.3,13.1
Australia,2010,2007,19.3,67.4,13.2
Australia,2010,2008,18.8,67.9,13.3
Australia,2010,2015,17.9,13.14,54
Australia,2010,2016,17.84,12.96,54
Australia,2010,2017,17.8,12.79,54
Austria,2010,2002,16.4,68.2,15.4
Austria,2010,2003,16.2,68.3,15.5
Austria,2010,2004,15.9,68.1,16
Austria,2010,2005,15.6,67.8,16.6
Austria,2010,2006,15.4,67.5,17.1
Austria,2010,2007,15.1,67.5,17.5
Austria,2010,2008,14.8,67.5,17.7
Austria,2010,2015,14.05,11.55,54
Austria,2010,2016,14.02,11.33,54
Austria,2010,2017,14.01,11.07,54
Azerbaijan,2010,2002,28.3,64.3,7.4
Azerbaijan,2010,2003,27.7,64.7,7.6
Azerbaijan,2010,2004,27,65.2,7.8
Azerbaijan,2010,2005,26.4,65.7,7.8
Azerbaijan,2010,2006,25.8,66.3,7.8
Azerbaijan,2010,2007,25.4,67.7,7
Azerbaijan,2010,2008,24.6,68.6,6.8
Azerbaijan,2010,2015,22.72,16.69,54
Azerbaijan,2010,2016,22.82,15.77,54
Azerbaijan,2010,2017,22.95,14.84,54
Bahamas The,2010,2002,29,64.7,6.3
Bahamas The,2010,2003,28.8,65.4,5.8
Bahamas The,2010,2004,28.3,65.7,6
Bahamas The,2010,2005,27.9,65.9,6.2
Bahamas The,2010,2006,27.5,66.1,6.4
Bahamas The,2010,2007,27,66.5,6.5
Bahamas The,2010,2008,26.4,66.9,6.7
Bahamas The,2010,2015,22.98,17.15,54
Bahamas The,2010,2016,22.75,16.79,54
Bahamas The,2010,2017,22.55,16.4,54
Bahrain,2010,2002,29.2,67.7,3.1
Bahrain,2010,2003,28.8,68,3.2
Bahrain,2010,2004,28.4,68.4,3.3
Bahrain,2010,2005,27.8,68.7,3.4
Bahrain,2010,2006,27.4,69.1,3.5
Bahrain,2010,2007,26.9,69.5,3.7
Bahrain,2010,2008,26.4,69.8,3.8
Bahrain,2010,2015,19.48,15.84,54
Bahrain,2010,2016,19.27,15.76,54
Bahrain,2010,2017,19.08,15.65,54
Bangladesh,2010,2002,33.8,62.8,3.4
Bangladesh,2010,2003,34.1,62.5,3.4
Bangladesh,2010,2004,33.5,63.1,3.4
Bangladesh,2010,2005,33.1,63.5,3.4
Bangladesh,2010,2006,32.9,63.6,3.5
Bangladesh,2010,2007,33.1,63.4,3.5
Bangladesh,2010,2008,33.4,63.1,3.5
Bangladesh,2010,2015,31.62,18.86,54
Bangladesh,2010,2016,28.27,19.53,54
Bangladesh,2010,2017,27.76,19.36,54
Barbados,2010,2002,21.4,69.8,8.8
Barbados,2010,2003,21.2,70,8.8
Barbados,2010,2004,21,70.3,8.8
Barbados,2010,2005,20.6,70.6,8.8
Barbados,2010,2006,20.1,71.1,8.8
Barbados,2010,2007,19.7,71.4,8.9
Barbados,2010,2008,19.3,71.7,9
Barbados,2010,2015,18.29,13.35,54
Barbados,2010,2016,18.13,13.03,54
Barbados,2010,2017,17.97,12.74,54
Belarus,2010,2002,17.3,68.6,14.1
Belarus,2010,2003,16.8,68.9,14.3
Belarus,2010,2004,16.3,69.2,14.5
Belarus,2010,2005,16,69.5,14.6
Belarus,2010,2006,15.7,69.7,14.6
Belarus,2010,2007,14.7,70.4,14.9
Belarus,2010,2008,14.4,70.9,14.7
Belarus,2010,2015,15.51,11.12,54
Belarus,2010,2016,15.65,10.68,54
Belarus,2010,2017,15.78,10.29,54
Belgium,2010,2002,17.3,65.6,17.1
Belgium,2010,2003,17.2,65.6,17.2
Belgium,2010,2004,17.1,65.6,17.3
Belgium,2010,2005,16.9,65.7,17.4
Belgium,2010,2006,16.7,65.9,17.4
Belgium,2010,2007,16.5,66.1,17.4
Belgium,2010,2008,16.3,66.3,17.5
Belgium,2010,2015,17.08,11.59,54
Belgium,2010,2016,17.12,11.47,54
Belgium,2010,2017,17.16,11.34,54
Belize,2010,2002,41.6,54.9,3.5
Belize,2010,2003,41.1,55.3,3.5
Belize,2010,2004,40.6,55.8,3.5
Belize,2010,2005,40.1,56.4,3.5
Belize,2010,2006,39.5,57,3.5
Belize,2010,2007,38.9,57.5,3.5
Belize,2010,2008,38.4,58.1,3.5
Belize,2010,2015,34.87,20.86,54
Belize,2010,2016,34.41,20.71,54
Belize,2010,2017,33.95,20.55,54
Benin,2010,2002,47.2,50.5,2.3
Benin,2010,2003,47,50.7,2.3
Benin,2010,2004,46.8,51,2.3
Benin,2010,2005,46.5,51.2,2.3
Benin,2010,2006,44.1,53.5,2.4
Benin,2010,2007,43.9,53.7,2.4
Benin,2010,2008,45.5,51.9,2.6
Benin,2010,2015,43.42,20.19,54
Benin,2010,2016,43.04,20.32,54
Benin,2010,2017,42.65,20.44,54
Bermuda,2010,2002,19.2,69.4,11.4
Bermuda,2010,2003,19.2,69.3,11.5
Bermuda,2010,2004,19.1,69.3,11.7
Bermuda,2010,2005,18.9,69.2,11.9
Bermuda,2010,2006,18.6,69.2,12.2
Bermuda,2010,2007,18.3,69.2,12.5
Bermuda,2010,2008,18,69.1,12.8
Bermuda,2010,2015,17.31,12.21,54
Bermuda,2010,2016,17.17,12.15,54
Bermuda,2010,2017,17.04,12,54
Bhutan,2010,2002,39.8,56.2,4
Bhutan,2010,2003,39.6,56.4,4
Bhutan,2010,2004,39.3,56.6,4
Bhutan,2010,2005,39.1,56.9,4
Bhutan,2010,2006,38.9,57.1,4
Bhutan,2010,2007,38.6,57.4,4
Bhutan,2010,2008,30.8,63.7,5.4
Bhutan,2010,2015,26.76,19.68,54
Bhutan,2010,2016,26.27,19.21,54
Bhutan,2010,2017,25.8,18.81,54
Bolivia,2010,2002,37.8,57.7,4.5
Bolivia,2010,2003,37.1,58.4,4.5
Bolivia,2010,2004,36.4,59.1,4.5
Bolivia,2010,2005,35.7,59.8,4.5
Bolivia,2010,2006,35,60.4,4.6
Bolivia,2010,2007,34.3,61.1,4.6
Bolivia,2010,2008,33.5,61.8,4.7
Bolivia,2010,2015,32.85,19.65,54
Bolivia,2010,2016,32.36,19.55,54
Bolivia,2010,2017,31.85,19.46,54
Bosnia And Herzegovina,2010,2002,19.8,70.6,9.6
Bosnia And Herzegovina,2010,2003,19.4,70.5,10.1
Bosnia And Herzegovina,2010,2004,18.9,70.6,10.5
Bosnia And Herzegovina,2010,2005,18.3,70.7,10.9
Bosnia And Herzegovina,2010,2006,15.5,70.1,14.4
Bosnia And Herzegovina,2010,2007,15,70.4,14.6
Bosnia And Herzegovina,2010,2008,14.7,70.6,14.7
Bosnia And Herzegovina,2010,2015,13.48,12.36,54
Bosnia And Herzegovina,2010,2016,13.36,11.97,54
Bosnia And Herzegovina,2010,2017,13.29,11.58,54
Botswana,2010,2002,40,55.8,4.2
Botswana,2010,2003,39.5,56,4.5
Botswana,2010,2004,39.2,56.2,4.6
Botswana,2010,2005,38.8,57.5,3.8
Botswana,2010,2006,38.3,57.9,3.8
Botswana,2010,2007,35.8,60.3,3.9
Botswana,2010,2008,35.2,60.9,3.9
Botswana,2010,2015,32.66,21.49,54
Botswana,2010,2016,32.4,21.32,54
Botswana,2010,2017,31.95,18.91,54
Brazil,2010,2002,28,66.4,5.6
Brazil,2010,2003,27.1,67.2,5.7
Brazil,2010,2004,26.6,67.6,5.8
Brazil,2010,2005,26.1,67.9,6
Brazil,2010,2006,25.8,68.1,6.1
Brazil,2010,2007,25.3,68.4,6.3
Brazil,2010,2008,27,66.8,6.3
Brazil,2010,2015,23.27,16.47,54
Brazil,2010,2016,22.79,16.43,54
Brazil,2010,2017,22.33,16.36,54
British Virgin Islands,2010,2002,22.4,72.7,4.9
British Virgin Islands,2010,2003,21.9,73.1,5
British Virgin Islands,2010,2004,21.5,73.5,5
British Virgin Islands,2010,2005,21,73.9,5.1
British Virgin Islands,2010,2006,20.5,74.3,5.3
British Virgin Islands,2010,2007,20.2,74.5,5.4
British Virgin Islands,2010,2008,20,74.4,5.6
British Virgin Islands,2010,2015,17.01,14.14,54
British Virgin Islands,2010,2016,16.79,13.77,54
British Virgin Islands,2010,2017,16.7,13.37,54
Brunei,2010,2002,30.2,67,2.8
Brunei,2010,2003,29.6,67.6,2.8
Brunei,2010,2004,29.1,68,2.9
Brunei,2010,2005,28.6,68.4,3
Brunei,2010,2006,28.1,68.8,3.1
Brunei,2010,2007,27.8,69,3.2
Brunei,2010,2008,27.2,69.6,3.2
Brunei,2010,2015,23.82,17.13,54
Brunei,2010,2016,23.46,17.11,54
Brunei,2010,2017,23.12,17.05,54
Bulgaria,2010,2002,14.6,68.5,16.9
Bulgaria,2010,2003,14.2,68.8,17
Bulgaria,2010,2004,14.4,68.5,17.1
Bulgaria,2010,2005,14.1,68.7,17.2
Bulgaria,2010,2006,13.9,68.7,17.3
Bulgaria,2010,2007,13.9,68.7,17.4
Bulgaria,2010,2008,13.8,68.6,17.6
Bulgaria,2010,2015,14.53,9.95,54
Bulgaria,2010,2016,14.54,9.73,54
Bulgaria,2010,2017,14.58,9.58,54
Burkina Faso,2010,2002,47.3,49.8,2.9
Burkina Faso,2010,2003,46.1,51,2.9
Burkina Faso,2010,2004,46,51.1,2.9
Burkina Faso,2010,2005,46,51.2,2.8
Burkina Faso,2010,2006,46.8,50.7,2.5
Burkina Faso,2010,2007,46.7,50.9,2.5
Burkina Faso,2010,2008,46.3,51.1,2.5
Burkina Faso,2010,2015,45.2,20.08,54
Burkina Faso,2010,2016,45.04,20.08,54
Burkina Faso,2010,2017,44.88,20.07,54
Burma,2010,2002,28.6,66.6,4.8
Burma,2010,2003,28.1,67,4.9
Burma,2010,2004,27.6,67.5,4.9
Burma,2010,2005,27.2,67.8,5
Burma,2010,2006,26.4,68.5,5.1
Burma,2010,2007,26.1,68.6,5.3
Burma,2010,2008,25.7,68.9,5.4
Burma,2010,2015,26.07,18.02,54
Burma,2010,2016,25.77,17.73,54
Burma,2010,2017,26.85,17.75,54
Burundi,2010,2002,46.5,50.7,2.8
Burundi,2010,2003,46.7,50.6,2.7
Burundi,2010,2004,46.4,50.9,2.7
Burundi,2010,2005,46,51.3,2.6
Burundi,2010,2006,46.3,51.1,2.6
Burundi,2010,2007,46.3,51.2,2.6
Burundi,2010,2008,46.3,51.2,2.5
Burundi,2010,2015,45.64,19.23,54
Burundi,2010,2016,45.61,19.17,54
Burundi,2010,2017,45.57,19.15,54
Cambodia,2010,2002,40.7,55.8,3.5
Cambodia,2010,2003,39.3,57.6,3.1
Cambodia,2010,2004,38.3,58.6,3.1
Cambodia,2010,2005,37.3,59.7,3.1
Cambodia,2010,2006,35.6,61,3.4
Cambodia,2010,2007,34,62.4,3.6
Cambodia,2010,2008,33.2,63.2,3.6
Cambodia,2010,2015,31.43,19.71,54
Cambodia,2010,2016,31.24,19.02,54
Cambodia,2010,2017,31.01,18.36,54
Cameroon,2010,2002,42.1,54.5,3.4
Cameroon,2010,2003,42.3,54.5,3.2
Cameroon,2010,2004,42,54.8,3.2
Cameroon,2010,2005,41.7,55,3.3
Cameroon,2010,2006,41.2,55.5,3.2
Cameroon,2010,2007,41.3,55.5,3.2
Cameroon,2010,2008,41.1,55.7,3.2
Cameroon,2010,2015,42.78,19.58,54
Cameroon,2010,2016,42.6,19.55,54
Cameroon,2010,2017,42.39,19.56,54
Canada,2010,2002,18.7,68.4,12.9
Canada,2010,2003,18.5,68.6,12.9
Canada,2010,2004,18.2,68.7,13
Canada,2010,2005,17.9,68.9,13.2
Canada,2010,2006,17.6,69,13.3
Canada,2010,2007,17.3,69.2,13.5
Canada,2010,2008,16.3,68.8,14.9
Canada,2010,2015,15.46,12.39,54
Canada,2010,2016,15.44,12.12,54
Canada,2010,2017,15.44,11.85,54
Cape Verde,2010,2002,41.9,51.5,6.6
Cape Verde,2010,2003,41,52.3,6.7
Cape Verde,2010,2004,40,53.3,6.7
Cape Verde,2010,2005,39,54.3,6.8
Cape Verde,2010,2006,37.9,55.3,6.7
Cape Verde,2010,2007,36.9,56.4,6.7
Cape Verde,2010,2008,36.1,57.4,6.5
Cayman Islands,2010,2002,22,69.7,8.3
Cayman Islands,2010,2003,21.6,70.6,7.7
Cayman Islands,2010,2004,21.4,70.6,8
Cayman Islands,2010,2005,21.1,70.8,8.2
Cayman Islands,2010,2006,20.7,70.9,8.4
Cayman Islands,2010,2007,20.3,71,8.6
Cayman Islands,2010,2008,19.9,71.1,9
Cayman Islands,2010,2015,18.26,12.76,54
Cayman Islands,2010,2016,18.13,12.59,54
Cayman Islands,2010,2017,18,12.41,54
Central African Republic,2010,2002,43,53.2,3.8
Central African Republic,2010,2003,43.1,53.5,3.4
Central African Republic,2010,2004,42.8,53.8,3.4
Central African Republic,2010,2005,42.5,54,3.4
Central African Republic,2010,2006,41.9,53.9,4.2
Central African Republic,2010,2007,41.6,54.2,4.1
Central African Republic,2010,2008,41.3,54.6,4.1
Central African Republic,2010,2015,40.43,20.06,54
Central African Republic,2010,2016,40.27,19.98,54
Central African Republic,2010,2017,40.09,19.94,54
Chad,2010,2002,47.8,49.4,2.8
Chad,2010,2003,47.9,49.3,2.8
Chad,2010,2004,47.9,49.3,2.8
Chad,2010,2005,47.9,49.4,2.8
Chad,2010,2006,47.9,49.3,2.7
Chad,2010,2007,47.3,49.8,2.9
Chad,2010,2008,47,50.1,2.9
Chad,2010,2015,44.2,20.9,54
Chad,2010,2016,43.63,21.18,54
Chad,2010,2017,43.02,21.46,54
Chile,2010,2002,26.9,65.6,7.5
Chile,2010,2003,26.4,66,7.7
Chile,2010,2004,25.8,66.3,7.8
Chile,2010,2005,25.2,66.7,8
Chile,2010,2006,24.7,67.1,8.2
Chile,2010,2007,24.1,67.4,8.5
Chile,2010,2008,23.6,67.6,8.8
Chile,2010,2015,20.46,15.88,54
Chile,2010,2016,20.27,15.45,54
Chile,2010,2017,20.11,15.04,54
China,2010,2002,24.3,68.4,7.3
China,2010,2003,23.1,69.5,7.4
China,2010,2004,22.3,70.3,7.5
China,2010,2005,21.4,71,7.6
China,2010,2006,20.8,71.4,7.7
China,2010,2007,20.4,71.7,7.9
China,2010,2008,20.1,71.9,8
China,2010,2015,17.08,13.82,54
China,2010,2016,17.1,13.27,54
China,2010,2017,17.15,12.78,54
Christmas Island,2010,2003,15
Christmas Island,2010,2004,15
Christmas Island,2010,2006,15
Christmas Island,2010,2016,12.79,12.2,54
Christmas Island,2010,2017,12.79,12.2,54
Cocos (Keeling) Islands,2010,2003,15
Cocos (Keeling) Islands,2010,2004,15
Cocos (Keeling) Islands,2010,2006,15
Colombia,2010,2002,31.6,63.6,4.8
Colombia,2010,2003,31.3,63.7,4.9
Colombia,2010,2004,31,63.9,5
Colombia,2010,2005,30.7,64.2,5.1
Colombia,2010,2006,30.3,64.5,5.2
Colombia,2010,2007,29.8,64.8,5.4
Colombia,2010,2008,29.4,65.1,5.5
Colombia,2010,2015,24.94,17.81,54
Colombia,2010,2016,24.57,17.54,54
Colombia,2010,2017,24.22,17.25,54
Comoros,2010,2002,42.9,54.2,2.9
Comoros,2010,2003,42.9,54.2,2.9
Comoros,2010,2004,42.8,54.2,3
Comoros,2010,2005,42.8,54.2,3
Comoros,2010,2006,42.7,54.3,3
Comoros,2010,2007,42.6,54.4,3
Comoros,2010,2008,42.4,54.6,3
Comoros,2010,2015,40.77,18.98,54
Comoros,2010,2016,40.1,19.23,54
Comoros,2010,2017,39.35,19.53,54
Congo Democratic Republic Of The,2010,2002,48.2,49.3,2.5
Congo Democratic Republic Of The,2010,2003,48.3,49.2,2.5
Congo Democratic Republic Of The,2010,2004,48.2,49.3,2.5
Congo Democratic Republic Of The,2010,2005,48.1,49.4,2.5
Congo Democratic Republic Of The,2010,2006,47.4,50.1,2.5
Congo Democratic Republic Of The,2010,2007,47.6,49.9,2.6
Congo Democratic Republic Of The,2010,2008,47.1,50.4,2.5
Congo Democratic Republic Of The,2010,2015,42.65,21.41,54
Congo Democratic Republic Of The,2010,2016,42.2,21.44,54
Congo Democratic Republic Of The,2010,2017,41.74,21.46,54
Congo Republic Of The,2010,2002,42.4,54.3,3.3
Congo Republic Of The,2010,2003,38.4,58,3.6
Congo Republic Of The,2010,2004,37.9,58.5,3.6
Congo Republic Of The,2010,2005,37.3,59,3.7
Congo Republic Of The,2010,2006,46.4,50.7,2.9
Congo Republic Of The,2010,2007,46.3,50.8,2.9
Congo Republic Of The,2010,2008,46.1,51,2.8
Congo Republic Of The,2010,2015,41.33,17.48,54
Congo Republic Of The,2010,2016,41.53,17.26,54
Congo Republic Of The,2010,2017,41.67,17.1,54
Cook Islands,2010,2003,15
Cook Islands,2010,2004,15
Cook Islands,2010,2006,34.1,59.5,6.4
Cook Islands,2010,2001,34.1,59.5,6.4
Cook Islands,2010,2007,34.1,59.5,6.4
Cook Islands,2010,2015,22.15,17.64,54
Cook Islands,2010,2016,21.61,17.2,54
Cook Islands,2010,2017,21.12,16.63,54
Costa Rica,2010,2002,30.8,63.9,5.3
Costa Rica,2010,2003,30.1,64.4,5.4
Costa Rica,2010,2004,29.5,65,5.5
Costa Rica,2010,2005,28.9,65.5,5.6
Costa Rica,2010,2006,28.3,66,5.7
Costa Rica,2010,2007,27.8,66.4,5.8
Costa Rica,2010,2008,27.2,66.8,6
Costa Rica,2010,2015,23.12,17.1,54
Costa Rica,2010,2016,22.82,16.75,54
Costa Rica,2010,2017,22.61,16.35,54
Cote D'Ivoire,2010,2002,46,51.8,2.2
Cote D'Ivoire,2010,2003,45.4,52.4,2.2
Cote D'Ivoire,2010,2004,45.1,52.6,2.2
Cote D'Ivoire,2010,2005,41,56.3,2.7
Cote D'Ivoire,2010,2006,40.8,56.4,2.8
Cote D'Ivoire,2010,2007,40.6,56.6,2.8
Cote D'Ivoire,2010,2008,40.9,56.3,2.8
Cote D'Ivoire,2010,2015,37.94,20.95,54
Cote D'Ivoire,2010,2016,37.45,20.93,54
Cote D'Ivoire,2010,2017,36.97,20.91,54
Croatia,2010,2002,18.3,66.3,15.4
Croatia,2010,2003,18.3,66.1,15.6
Croatia,2010,2004,16.6,67,16.4
Croatia,2010,2005,16.4,67,16.6
Croatia,2010,2006,16.2,67,16.8
Croatia,2010,2007,16,67.1,16.9
Croatia,2010,2008,15.8,67.2,17
Croatia,2010,2015,14.42,11.92,54
Croatia,2010,2016,14.22,11.4,54
Croatia,2010,2017,14.21,11.24,54
Cuba,2010,2002,20.6,69.3,10.1
Cuba,2010,2003,20.1,69.6,10.2
Cuba,2010,2004,20,69.8,10.1
Cuba,2010,2005,19.6,70.1,10.4
Cuba,2010,2006,19.1,70.3,10.6
Cuba,2010,2007,18.8,70.5,10.7
Cuba,2010,2008,18.5,70.5,10.9
Cuba,2010,2015,15.96,13.29,54
Cuba,2010,2016,16.7,12.44,54
Cuba,2010,2017,16.57,12.22,54
Cyprus,2010,2002,22.4,66.6,11
Cyprus,2010,2003,21.9,67,11.1
Cyprus,2010,2004,21.4,67.4,11.2
Cyprus,2010,2005,20.9,67.7,11.4
Cyprus,2010,2006,20.4,68,11.6
Cyprus,2010,2007,19.9,68.3,11.8
Cyprus,2010,2008,19.5,68.5,12
Cyprus,2010,2015,15.61,14.87,54
Cyprus,2010,2016,15.58,14.37,54
Cyprus,2010,2017,15.6,13.81,54
Czech Republic,2010,2002,15.7,70.3,14
Czech Republic,2010,2003,15.4,70.6,14
Czech Republic,2010,2004,15,70.9,14.1
Czech Republic,2010,2005,14.7,71.1,14.2
Czech Republic,2010,2006,14.4,71.2,14.5
Czech Republic,2010,2007,14.1,71.2,14.7
Czech Republic,2010,2008,13.8,71.2,15.1
Czech Republic,2010,2015,15,10.23,54
Denmark,2010,2002,18.7,66.4,14.9
Denmark,2010,2003,18.7,66.3,15
Denmark,2010,2004,18.9,66.2,15
Denmark,2010,2005,18.8,66.1,15.1
Denmark,2010,2006,18.7,66.1,15.2
Denmark,2010,2007,18.6,66,15.4
Denmark,2010,2008,18.4,65.9,15.7
Denmark,2010,2015,16.77,13.11,54
Denmark,2010,2016,16.58,13.12,54
Denmark,2010,2017,16.41,13.08,54
Djibouti,2010,2002,42.6,54.5,2.9
Djibouti,2010,2003,43.1,53.9,3
Djibouti,2010,2004,43.2,53.7,3.1
Djibouti,2010,2005,43.3,53.5,3.2
Djibouti,2010,2006,43.3,53.3,3.3
Djibouti,2010,2007,43.4,53.2,3.4
Djibouti,2010,2008,43.3,53.1,3.6
Djibouti,2010,2015,32.31,21.82,54
Djibouti,2010,2016,31.71,21.54,54
Djibouti,2010,2017,31.14,21.32,54
Dominica,2010,2002,28.3,63.8,7.9
Dominica,2010,2003,27.8,64.3,7.9
Dominica,2010,2004,27.3,64.8,7.9
Dominica,2010,2005,26.7,65.4,7.9
Dominica,2010,2006,26.1,66,7.9
Dominica,2010,2007,25.6,64.2,10.2
Dominica,2010,2008,24.7,65.1,10.2
Dominica,2010,2015,21.96,16.14,54
Dominica,2010,2016,21.84,15.7,54
Dominica,2010,2017,21.72,15.14,54
Dominican Republic,2010,2002,33.7,61.3,5
Dominican Republic,2010,2003,33.6,61.2,5.2
Dominican Republic,2010,2004,33.3,61.4,5.3
Dominican Republic,2010,2005,32.9,61.7,5.4
Dominican Republic,2010,2006,32.6,61.9,5.5
Dominican Republic,2010,2007,32.1,62.2,5.7
Dominican Republic,2010,2008,31.8,62.4,5.8
Dominican Republic,2010,2015,27.53,18.39,54
Dominican Republic,2010,2016,27.06,18.3,54
Dominican Republic,2010,2017,26.63,18.18,54
East Timor,2010,2004,37.8,59.2,2.9
East Timor,2010,2005,37.1,59.9,3
East Timor,2010,2006,36.3,60.6,3.1
Ecuador,2010,2002,35.4,60.2,4.4
Ecuador,2010,2003,34.9,60.6,4.5
Ecuador,2010,2004,33.9,61.2,4.9
Ecuador,2010,2005,33.5,61.5,4.9
Ecuador,2010,2006,33,61.9,5
Ecuador,2010,2007,32.6,62.3,5.1
Ecuador,2010,2008,32.1,62.7,5.2
Ecuador,2010,2015,27.99,18.56,54
Ecuador,2010,2016,27.52,18.47,54
Ecuador,2010,2017,27.08,18.35,54
Egypt,2010,2002,33.96,62.18,3.86
Egypt,2010,2003,33.9,61.9,4.2
Egypt,2010,2004,33.4,62.2,4.3
Egypt,2010,2005,33,62.6,4.4
Egypt,2010,2006,32.6,62.9,4.5
Egypt,2010,2007,32.2,63.2,4.6
Egypt,2010,2008,31.8,63.5,4.7
Egypt,2010,2015,31.89,17.64,54
Egypt,2010,2016,33.21,19.24,54
Egypt,2010,2017,33.29,18.94,54
El Salvador,2010,2002,37.4,57.5,5.1
El Salvador,2010,2003,37.1,57.9,5.1
El Salvador,2010,2004,36.8,58.1,5.1
El Salvador,2010,2005,36.5,58.3,5.1
El Salvador,2010,2006,36.3,58.5,5.2
El Salvador,2010,2007,36.1,58.7,5.2
El Salvador,2010,2008,35.8,59,5.2
El Salvador,2010,2015,27.31,20.71,54
El Salvador,2010,2016,26.58,20.51,54
El Salvador,2010,2017,25.92,20.23,54
Equatorial Guinea,2010,2002,42.4,53.8,3.8
Equatorial Guinea,2010,2003,42.2,54,3.8
Equatorial Guinea,2010,2004,42,54.3,3.8
Equatorial Guinea,2010,2005,41.7,54.5,3.8
Equatorial Guinea,2010,2006,41.7,54.5,3.8
Equatorial Guinea,2010,2007,41.5,54.8,3.8
Equatorial Guinea,2010,2008,42,53.8,4.2
Equatorial Guinea,2010,2015,40.47,19.55,54
Equatorial Guinea,2010,2016,40.15,19.63,54
Equatorial Guinea,2010,2017,39.81,19.72,54
Eritrea,2010,2002,42.9,53.9,3.2
Eritrea,2010,2003,44.7,52,3.3
Eritrea,2010,2004,44.8,51.9,3.3
Eritrea,2010,2005,44.8,51.9,3.3
Eritrea,2010,2006,44,52.5,3.5
Eritrea,2010,2007,43.5,52.9,3.6
Eritrea,2010,2008,43,53.4,3.5
Eritrea,2010,2015,40.25,20.43,54
Eritrea,2010,2016,40.66,19.39,54
Eritrea,2010,2017,40.17,19.57,54
Estonia,2010,2002,16.4,68.5,15.1
Estonia,2010,2003,15.8,68.8,15.4
Estonia,2010,2004,16,67.5,16.5
Estonia,2010,2005,15.5,67.7,16.8
Estonia,2010,2006,15.2,67.6,17.2
Estonia,2010,2007,15,67.5,17.5
Estonia,2010,2008,14.9,67.5,17.6
Estonia,2010,2015,15.99,9.74,54
Estonia,2010,2016,16.12,9.3,54
Estonia,2010,2017,16.23,8.99,54
Ethiopia,2010,2002,47.2,50,2.8
Ethiopia,2010,2003,44.8,52.4,2.8
Ethiopia,2010,2004,44.7,52.5,2.8
Ethiopia,2010,2005,43.9,53.4,2.7
Ethiopia,2010,2006,43.7,53.6,2.7
Ethiopia,2010,2007,43.4,53.8,2.7
Ethiopia,2010,2008,46,51.4,2.7
Ethiopia,2010,2015,43.94,19.98,54
Ethiopia,2010,2016,43.71,20.04,54
Ethiopia,2010,2017,43.47,20.11,54
Falkland Islands (Islas Malvinas),2010,2004,15
Falkland Islands (Islas Malvinas),2010,2005,15
Falkland Islands (Islas Malvinas),2010,2006,15
Faroe Islands,2010,2002,22.3,64,13.7
Faroe Islands,2010,2003,22,64.4,13.7
Faroe Islands,2010,2004,21.6,64.6,13.7
Faroe Islands,2010,2005,21.3,64.9,13.8
Faroe Islands,2010,2006,20.9,65.1,13.9
Faroe Islands,2010,2007,20.6,65.3,14.1
Faroe Islands,2010,2008,21.9,64,14.1
Faroe Islands,2010,2015,20.1,14.96,54
Faroe Islands,2010,2016,19.98,14.62,54
Faroe Islands,2010,2017,19.89,14.34,54
Fiji,2010,2002,32.5,63.8,3.7
Fiji,2010,2003,32,64.1,3.8
Fiji,2010,2004,31.7,64.3,4
Fiji,2010,2005,31.4,64.5,4.1
Fiji,2010,2006,31.1,64.6,4.3
Fiji,2010,2007,30.9,64.7,4.4
Fiji,2010,2008,30.6,64.8,4.6
Fiji,2010,2015,28.03,16.73,54
Fiji,2010,2016,27.88,16.42,54
Fiji,2010,2017,27.7,16.13,54
Finland,2010,2002,17.9,66.9,15.2
Finland,2010,2003,17.7,66.9,15.4
Finland,2010,2004,17.5,66.7,15.7
Finland,2010,2005,17.3,66.8,15.9
Finland,2010,2006,17.1,66.7,16.2
Finland,2010,2007,16.9,66.7,16.4
Finland,2010,2008,16.6,66.8,16.6
Finland,2010,2015,16.41,11.79,54
Finland,2010,2016,16.42,11.6,54
Finland,2010,2017,16.43,11.4,54
France,2010,2002,18.5,65.2,16.3
France,2010,2003,18.6,65.1,16.3
France,2010,2004,18.5,65.1,16.4
France,2010,2005,18.4,65.2,16.4
France,2010,2006,18.3,65.3,16.4
France,2010,2007,18.6,65.2,16.2
France,2010,2008,18.6,65.2,16.3
France,2010,2015,18.66,11.82,54
France,2010,2016,18.59,11.8,54
France,2010,2017,18.53,11.79,54
French Guiana,2010,2002,30.2,64.2,5.6
French Guiana,2010,2003,29.9,64.4,5.7
French Guiana,2010,2004,29.6,64.5,5.9
French Guiana,2010,2005,29.3,64.7,6.1
French Guiana,2010,2006,28.9,64.8,6.3
French Polynesia,2010,2002,29,65.7,5.3
French Polynesia,2010,2003,28.3,66.3,5.4
French Polynesia,2010,2004,27.5,66.9,5.7
French Polynesia,2010,2005,26.7,67.4,5.9
French Polynesia,2010,2006,26.1,67.9,6.1
French Polynesia,2010,2007,25.4,68.2,6.3
French Polynesia,2010,2008,24.8,68.6,6.6
French Polynesia,2010,2015,23.31,16.36,54
French Polynesia,2010,2016,22.9,16.03,54
French Polynesia,2010,2017,22.52,15.73,54
Gabon,2010,2002,33.3,60.6,6.1
Gabon,2010,2003,42.3,53.5,4.2
Gabon,2010,2004,42.2,53.7,4.1
Gabon,2010,2005,42.1,53.8,4.1
Gabon,2010,2006,42.1,53.9,4
Gabon,2010,2007,42.1,53.9,4
Gabon,2010,2008,42.1,53.9,3.9
Gabon,2010,2015,42.06,20.29,54
Gabon,2010,2016,41.98,20.37,54
Gabon,2010,2017,41.9,20.46,54
Gambia The,2010,2002,45.1,52.3,2.6
Gambia The,2010,2003,44.9,52.4,2.7
Gambia The,2010,2004,44.7,52.6,2.7
Gambia The,2010,2005,44.5,52.8,2.7
Gambia The,2010,2006,44.3,53,2.7
Gambia The,2010,2007,44.1,53.2,2.8
Gambia The,2010,2008,43.9,53.4,2.8
Gambia The,2010,2015,38.31,20.81,54
Gambia The,2010,2016,37.88,20.64,54
Gambia The,2010,2017,37.44,20.47,54
Gaza Strip,2010,2002,49.7,47.5,2.8
Gaza Strip,2010,2003,49.4,47.9,2.7
Gaza Strip,2010,2004,49,48.3,2.7
Gaza Strip,2010,2005,48.5,48.8,2.6
Gaza Strip,2010,2006,48.1,49.4,2.6
Gaza Strip,2010,2007,47.6,49.9,2.5
Gaza Strip,2010,2008,44.7,52.7,2.7
Gaza Strip,2010,2015,42.75,20.34,54
Gaza Strip,2010,2016,45.4,21.21,54
Gaza Strip,2010,2017,44.78,21.25,54
Georgia,2010,2002,19,68.2,12.8
Georgia,2010,2003,18.6,68.4,13
Georgia,2010,2004,18.7,65.8,15.5
Georgia,2010,2005,18,65.9,16
Georgia,2010,2006,17.3,66.2,16.5
Georgia,2010,2007,16.7,66.6,16.7
Georgia,2010,2008,16.3,67.1,16.6
Georgia,2010,2015,17.73,13.35,54
Georgia,2010,2016,17.91,12.61,54
Georgia,2010,2017,18.08,11.94,54
Germany,2010,2002,15.4,67.6,17
Germany,2010,2003,14.9,67.3,17.8
Germany,2010,2004,14.7,67,18.3
Germany,2010,2005,14.4,66.7,18.9
Germany,2010,2006,14.1,66.4,19.4
Germany,2010,2007,13.9,66.3,19.8
Germany,2010,2008,13.8,66.2,20
Germany,2010,2015,12.88,10.38,54
Germany,2010,2016,12.83,10.22,54
Germany,2010,2017,12.82,10.09,54
Ghana,2010,2002,40.4,56.1,3.5
Ghana,2010,2003,38.9,57.5,3.6
Ghana,2010,2004,38,58.3,3.7
Ghana,2010,2005,37.1,59.1,3.7
Ghana,2010,2006,38.8,57.7,3.5
Ghana,2010,2007,38.2,58.2,3.6
Ghana,2010,2008,37.8,58.7,3.6
Ghana,2010,2015,38.38,18.69,54
Ghana,2010,2016,38.2,18.66,54
Ghana,2010,2017,38.01,18.63,54
Gibraltar,2010,2002,18.5,66.3,15.2
Gibraltar,2010,2003,18.3,66.3,15.4
Gibraltar,2010,2004,18,66.2,15.8
Gibraltar,2010,2005,17.8,66,16.2
Gibraltar,2010,2008,16.9,66.6,16.5
Gibraltar,2010,2006,17.5,66,16.5
Gibraltar,2010,2007,17.2,66.3,16.5
Gibraltar,2010,2015,20.11,15.58,54
Gibraltar,2010,2016,20.12,15.02,54
Gibraltar,2010,2017,39.67,9.68,16.09
Greece,2010,2002,14.8,67.1,18.1
Greece,2010,2003,14.7,67,18.3
Greece,2010,2004,14.5,67,18.6
Greece,2010,2005,14.4,66.8,18.8
Greece,2010,2006,14.3,66.7,19
Greece,2010,2007,14.3,66.7,19
Greece,2010,2008,14.3,66.6,19.1
Greece,2010,2015,14.01,9.72,54
Greece,2010,2016,13.93,9.68,54
Greece,2010,2017,13.83,9.67,54
Greenland,2010,2002,26.3,68.1,5.6
Greenland,2010,2003,25.9,68.3,5.8
Greenland,2010,2004,25.5,68.5,6
Greenland,2010,2005,25,68.7,6.3
Greenland,2010,2006,24.5,68.9,6.6
Greenland,2010,2007,24,69.1,6.9
Greenland,2010,2008,23.5,69.9,6.6
Greenland,2010,2015,21.35,16.2,54
Greenland,2010,2016,21.26,15.81,54
Greenland,2010,2017,21.11,15.48,54
Grenada,2010,2002,35.9,60.3,3.8
Grenada,2010,2003,35.1,61.3,3.6
Grenada,2010,2004,34.5,62,3.5
Grenada,2010,2005,33.9,62.7,3.4
Grenada,2010,2006,33.4,63.4,3.3
Grenada,2010,2007,32.8,64.1,3.1
Grenada,2010,2008,32.4,64.7,3
Grenada,2010,2015,24.35,16.02,54
Grenada,2010,2016,24.15,15.55,54
Grenada,2010,2017,23.99,15.03,54
Guadeloupe,2010,2002,24.9,66.2,8.9
Guadeloupe,2010,2003,24.7,66.4,8.9
Guadeloupe,2010,2004,24.4,66.6,9
Guadeloupe,2010,2005,24,66.9,9.1
Guadeloupe,2010,2006,23.6,67.1,9.2
Guam,2010,2002,35.1,58.6,6.3
Guam,2010,2003,35.1,58.4,6.4
Guam,2010,2004,29.8,64,6.3
Guam,2010,2005,29.4,64.1,6.5
Guam,2010,2006,29,64.3,6.7
Guam,2010,2007,28.6,64.5,6.9
Guam,2010,2008,28.2,64.8,7
Guam,2010,2015,25.47,17,54
Guam,2010,2016,24.95,17.09,54
Guam,2010,2017,27.54,16.63,54
Guatemala,2010,2002,41.8,54.5,3.7
Guatemala,2010,2003,42.9,53.8,3.3
Guatemala,2010,2004,42.6,54,3.3
Guatemala,2010,2005,42.4,54.2,3.3
Guatemala,2010,2006,41.1,55.5,3.4
Guatemala,2010,2007,40.8,55.5,3.6
Guatemala,2010,2008,40.1,56.2,3.7
Guatemala,2010,2015,35.57,21.99,54
Guatemala,2010,2016,35.02,21.8,54
Guatemala,2010,2017,34.5,21.58,54
Guernsey,2010,2002,16,66.7,17.3
Guernsey,2010,2003,15.8,66.8,17.4
Guernsey,2010,2004,15.6,66.7,17.6
Guernsey,2010,2005,15.4,66.9,17.8
Guernsey,2010,2006,15,67.1,17.8
Guernsey,2010,2007,14.8,67.4,17.8
Guernsey,2010,2008,14.6,67.5,17.9
Guernsey,2010,2015,14.49,11.71,54
Guernsey,2010,2016,14.46,11.45,54
Guernsey,2010,2017,14.51,11.13,54
Guinea,2010,2002,42.8,54.5,2.7
Guinea,2010,2003,44.4,52.4,3.2
Guinea,2010,2004,44.4,52.4,3.2
Guinea,2010,2005,44.4,52.4,3.2
Guinea,2010,2006,44.4,52.5,3.2
Guinea,2010,2007,44.3,52.5,3.2
Guinea,2010,2008,42.9,53.7,3.4
Guinea,2010,2015,41.87,19.6,54
Guinea,2010,2016,41.7,19.67,54
Guinea,2010,2017,41.52,19.73,54
Guinea-Bissau,2010,2002,41.9,55.2,2.9
Guinea-Bissau,2010,2003,41.9,55.2,2.9
Guinea-Bissau,2010,2004,41.7,55.4,2.9
Guinea-Bissau,2010,2005,41.5,55.5,3
Guinea-Bissau,2010,2006,41.4,55.6,3
Guinea-Bissau,2010,2007,41.2,55.8,3
Guinea-Bissau,2010,2008,41,55.9,3.1
Guinea-Bissau,2010,2015,39.53,20.18,54
Guinea-Bissau,2010,2016,39.28,20.17,54
Guinea-Bissau,2010,2017,39.03,20.18,54
Guyana,2010,2002,27.6,67.4,5
Guyana,2010,2003,27,67.9,5.1
Guyana,2010,2004,26.5,68.3,5.1
Guyana,2010,2005,26.4,68.5,5.1
Guyana,2010,2006,26.2,68.6,5.2
Guyana,2010,2007,26.1,68.6,5.3
Guyana,2010,2008,25.9,68.7,5.4
Guyana,2010,2015,28.07,21.26,54
Guyana,2010,2016,27.12,21.46,54
Guyana,2010,2017,26.22,21.56,54
Haiti,2010,2002,39.5,56.3,4.2
Haiti,2010,2003,42.7,53.6,3.7
Haiti,2010,2004,42.2,54.1,3.7
Haiti,2010,2005,42.6,53.9,3.4
Haiti,2010,2006,42.4,54.2,3.4
Haiti,2010,2007,42.1,54.4,3.5
Haiti,2010,2008,41.8,54.7,3.5
Haiti,2010,2015,33.28,21.64,54
Haiti,2010,2016,33.39,21.35,54
Haiti,2010,2017,32.81,21.25,54
Honduras,2010,2002,41.8,54.6,3.6
Honduras,2010,2003,41.6,54.8,3.6
Honduras,2010,2004,41.2,55.1,3.7
Honduras,2010,2005,40.8,55.5,3.7
Honduras,2010,2006,39.9,56.7,3.4
Honduras,2010,2007,39.3,57.2,3.5
Honduras,2010,2008,38.7,57.8,3.5
Honduras,2010,2015,34.18,21.14,54
Honduras,2010,2016,33.55,21.09,54
Honduras,2010,2017,32.95,21,54
Hong Kong,2010,2002,17.5,71.6,10.9
Hong Kong,2010,2003,17.3,71.7,11
Hong Kong,2010,2004,14.2,73.3,12.5
Hong Kong,2010,2005,13.8,73.5,12.7
Hong Kong,2010,2006,13.5,73.7,12.8
Hong Kong,2010,2007,13,74,12.9
Hong Kong,2010,2008,12.6,74.4,13
Hong Kong,2010,2015,12.11,11.13,54
Hong Kong,2010,2016,12.12,10.85,54
Hong Kong,2010,2017,12.19,10.43,54
Hungary,2010,2002,16.4,68.8,14.8
Hungary,2010,2003,16.1,69,14.9
Hungary,2010,2004,16,69,15
Hungary,2010,2005,15.8,69.1,15.1
Hungary,2010,2006,15.6,69.2,15.2
Hungary,2010,2007,15.3,69.3,15.4
Hungary,2010,2008,15.2,69.3,15.6
Hungary,2010,2015,14.8,11.44,54
Hungary,2010,2016,14.76,11.19,54
Hungary,2010,2017,14.71,10.96,54
Iceland,2010,2002,23,65.1,11.9
Iceland,2010,2003,22.7,65.4,11.9
Iceland,2010,2004,22.5,65.8,11.7
Iceland,2010,2005,22.1,66.2,11.7
Iceland,2010,2006,21.7,66.5,11.7
Iceland,2010,2007,21.4,66.8,11.8
Iceland,2010,2008,21,67,12
Iceland,2010,2015,20.43,14.03,54
Iceland,2010,2016,20.4,13.77,54
Iceland,2010,2017,20.4,13.5,54
India,2010,2002,32.7,62.6,4.7
India,2010,2003,32.2,63,4.8
India,2010,2004,31.7,63.5,4.8
India,2010,2005,31.2,63.9,4.9
India,2010,2006,30.8,64.3,4.9
India,2010,2007,31.8,63.1,5.1
India,2010,2008,31.5,63.3,5.2
India,2010,2015,28.09,18.06,54
India,2010,2016,27.71,17.99,54
India,2010,2017,27.34,17.9,54
Indonesia,2010,2003,29.7,65.4,4.9
Indonesia,2010,2004,29.4,65.5,5.1
Indonesia,2010,2005,29.1,65.7,5.2
Indonesia,2010,2006,28.8,65.8,5.4
Indonesia,2010,2007,28.7,65.6,5.7
Indonesia,2010,2008,28.4,65.7,5.8
Indonesia,2010,2015,25.82,17.07,54
Indonesia,2010,2016,25.42,17.03,54
Indonesia,2010,2017,25.02,16.99,54
Iran,2010,2002,31.6,63.7,4.7
Iran,2010,2003,29.3,65.9,4.8
Iran,2010,2004,28,67.2,4.8
Iran,2010,2005,27.1,68,4.9
Iran,2010,2006,26.1,69,4.9
Iran,2010,2007,23.2,71.4,5.4
Iran,2010,2008,22.3,72.3,5.4
Iran,2010,2015,23.69,17.58,54
Iran,2010,2016,23.65,16.57,54
Iran,2010,2017,24.19,14.69,54
Iraq,2010,2002,41.1,55.9,3
Iraq,2010,2003,40.7,56.3,3
Iraq,2010,2004,40.3,56.7,3
Iraq,2010,2005,40,57,3
Iraq,2010,2006,39.7,57.3,3
Iraq,2010,2007,39.4,57.6,3
Iraq,2010,2008,39.2,57.9,3
Iraq,2010,2015,40.25,18.98,54
Iraq,2010,2016,39.88,19.07,54
Iraq,2010,2017,39.46,19.25,54
Ireland,2010,2002,21.3,67.3,11.4
Ireland,2010,2003,21.2,67.4,11.4
Ireland,2010,2004,21,67.5,11.5
Ireland,2010,2005,20.9,67.5,11.5
Ireland,2010,2006,20.9,67.6,11.6
Ireland,2010,2007,20.8,67.5,11.7
Ireland,2010,2008,20.9,67.3,11.8
Ireland,2010,2015,21.5,11.84,54
Ireland,2010,2016,21.51,11.8,54
Ireland,2010,2017,21.46,11.84,54
Israel,2010,2002,27.1,63,9.9
Israel,2010,2003,26.9,63.2,9.9
Israel,2010,2004,26.7,63.4,9.9
Israel,2010,2005,26.5,63.7,9.8
Israel,2010,2006,26.3,63.9,9.8
Israel,2010,2007,26.1,64.2,9.8
Israel,2010,2008,28,62.2,9.8
Israel,2010,2015,27.95,15.5,54
Israel,2010,2016,27.73,15.52,54
Israel,2010,2017,27.51,15.53,54
Italy,2010,2002,14.1,67.3,18.6
Italy,2010,2003,14,67.2,18.8
Italy,2010,2004,14,66.9,19.1
Italy,2010,2005,13.9,66.7,19.4
Italy,2010,2006,13.8,66.5,19.7
Italy,2010,2007,13.8,66.4,19.9
Italy,2010,2008,13.6,66.3,20
Italy,2010,2015,13.73,9.79,54
Italy,2010,2016,13.69,9.74,54
Italy,2010,2017,13.65,9.66,54
Jamaica,2010,2002,29.1,64.1,6.8
Jamaica,2010,2003,28.6,64.5,6.8
Jamaica,2010,2004,28.2,65,6.9
Jamaica,2010,2005,27.5,65.6,6.9
Jamaica,2010,2006,33.1,59.6,7.3
Jamaica,2010,2007,32.5,60.1,7.4
Jamaica,2010,2008,32,60.6,7.4
Jamaica,2010,2015,27.97,21.46,54
Jamaica,2010,2016,27.56,21.13,54
Jamaica,2010,2017,27.17,20.79,54
Japan,2010,2002,14.5,67.5,18
Japan,2010,2003,14.4,67,18.6
Japan,2010,2004,14.3,66.7,19
Japan,2010,2005,14.3,66.2,19.5
Japan,2010,2006,14.2,65.7,20
Japan,2010,2007,13.8,65.2,21
Japan,2010,2008,13.7,64.7,21.6
Japan,2010,2015,13.11,9.68,54
Japan,2010,2016,12.97,9.67,54
Japan,2010,2017,12.84,9.64,54
Jersey,2010,2002,17.9,67.3,14.8
Jersey,2010,2003,17.8,67.2,15
Jersey,2010,2004,17.7,67.1,15.2
Jersey,2010,2005,17.5,67,15.5
Jersey,2010,2006,17.2,67.1,15.7
Jersey,2010,2007,16.9,67.3,15.8
Jersey,2010,2008,16.6,67.5,16
Jersey,2010,2015,16.02,14.52,54
Jersey,2010,2016,16.1,14.23,54
Jersey,2010,2017,16.23,13.91,54
Jordan,2010,2002,36.6,60,3.4
Jordan,2010,2003,35.9,60.5,3.6
Jordan,2010,2004,35.2,61.1,3.7
Jordan,2010,2005,34.5,61.7,3.8
Jordan,2010,2006,33.8,62.4,3.9
Jordan,2010,2007,33,63,4
Jordan,2010,2008,32.2,63.7,4.1
Jordan,2010,2015,35.42,20.25,54
Jordan,2010,2016,35.04,20.12,54
Jordan,2010,2017,34.68,20.07,54
Kazakhstan,2010,2002,26,66.5,7.5
Kazakhstan,2010,2003,25.4,66.8,7.9
Kazakhstan,2010,2004,24.4,68,7.6
Kazakhstan,2010,2005,23.7,68.4,7.9
Kazakhstan,2010,2006,23,68.8,8.2
Kazakhstan,2010,2007,22.5,69.2,8.3
Kazakhstan,2010,2008,22.1,69.6,8.2
Kazakhstan,2010,2015,25.41,15.33,54
Kazakhstan,2010,2016,25.68,14.66,54
Kazakhstan,2010,2017,25.91,14.05,54
Kenya,2010,2002,41.1,56.1,2.8
Kenya,2010,2003,41.3,55.8,2.9
Kenya,2010,2004,40.6,56.5,2.9
Kenya,2010,2005,42.5,55.2,2.3
Kenya,2010,2006,42.6,55.1,2.3
Kenya,2010,2007,42.1,55.2,2.6
Kenya,2010,2008,42.2,55.2,2.6
Kenya,2010,2015,41.56,18.66,54
Kenya,2010,2016,40.87,18.83,54
Kenya,2010,2017,40.02,19.15,54
Kiribati,2010,2002,40.2,56.6,3.2
Kiribati,2010,2003,39.7,57,3.3
Kiribati,2010,2004,39.3,57.3,3.3
Kiribati,2010,2005,38.9,57.7,3.3
Kiribati,2010,2006,38.6,58.1,3.4
Kiribati,2010,2007,38.2,58.4,3.4
Kiribati,2010,2008,37.9,58.7,3.4
Kiribati,2010,2015,30.77,21.28,54
Kiribati,2010,2016,30.16,21.26,54
Kiribati,2010,2017,29.68,21.07,54
Korea North,2010,2002,25.4,67.4,7.2
Korea North,2010,2003,25,67.8,7.2
Korea North,2010,2004,24.6,67.8,7.6
Korea North,2010,2005,24.2,67.9,7.9
Korea North,2010,2006,23.8,68,8.2
Korea North,2010,2007,23.3,68.1,8.5
Korea North,2010,2008,22.9,68.2,8.8
Korea North,2010,2015,21.21,16.08,54
Korea North,2010,2016,20.97,15.88,54
Korea North,2010,2017,20.78,15.59,54
Korea South,2010,2002,21.4,71,7.6
Korea South,2010,2003,20.6,71.5,7.9
Korea South,2010,2004,20.4,71.4,8.2
Korea South,2010,2005,19.4,72,8.6
Korea South,2010,2006,18.9,71.9,9.2
Korea South,2010,2007,18.3,72.1,9.6
Korea South,2010,2008,17.4,72,10.5
Korea South,2010,2015,13.69,13.52,54
Korea South,2010,2016,13.45,13.08,54
Korea South,2010,2017,13.21,12.66,54
Kuwait,2010,2002,28.3,69.2,2.5
Kuwait,2010,2003,27.9,69.5,2.6
Kuwait,2010,2004,27.5,69.8,2.7
Kuwait,2010,2005,27.2,70.1,2.7
Kuwait,2010,2006,26.9,70.3,2.8
Kuwait,2010,2007,26.7,70.5,2.8
Kuwait,2010,2008,26.6,70.6,2.9
Kuwait,2010,2015,25.32,15.21,54
Kuwait,2010,2016,25.18,15.16,54
Kuwait,2010,2017,25.02,15.1,54
Kyrgyzstan,2010,2002,34.4,59.4,6.2
Kyrgyzstan,2010,2003,33.8,59.9,6.3
Kyrgyzstan,2010,2004,32.3,61.6,6.1
Kyrgyzstan,2010,2005,31.6,62.3,6.2
Kyrgyzstan,2010,2006,30.9,62.9,6.2
Kyrgyzstan,2010,2007,30.3,63.5,6.2
Kyrgyzstan,2010,2008,29.9,64,6.1
Kyrgyzstan,2010,2015,29.92,18.18,54
Kyrgyzstan,2010,2016,30.12,17.47,54
Kyrgyzstan,2010,2017,30.3,16.79,54
Laos,2010,2002,42.5,54.2,3.3
Laos,2010,2003,42.2,54.6,3.2
Laos,2010,2004,41.9,54.9,3.2
Laos,2010,2005,41.6,55.2,3.2
Laos,2010,2006,41.4,55.4,3.1
Laos,2010,2007,41.2,55.7,3.1
Laos,2010,2008,41,55.9,3.1
Laos,2010,2015,34.1,21.31,54
Laos,2010,2016,33.4,21.29,54
Laos,2010,2017,32.76,21.17,54
Latvia,2010,2002,15.8,68.6,15.6
Latvia,2010,2003,15.1,68.9,16
Latvia,2010,2004,15,69.2,15.8
Latvia,2010,2005,14.4,69.4,16.1
Latvia,2010,2006,14,69.6,16.4
Latvia,2010,2007,13.6,69.6,16.7
Latvia,2010,2008,13.4,69.7,16.9
Latvia,2010,2015,14.86,10.47,54
Latvia,2010,2016,15.01,9.9,54
Latvia,2010,2017,15.15,9.45,54
Lebanon,2010,2002,27.3,65.9,6.8
Lebanon,2010,2003,27.1,66.1,6.8
Lebanon,2010,2004,26.9,66.3,6.9
Lebanon,2010,2005,26.7,66.4,6.9
Lebanon,2010,2006,26.5,66.6,7
Lebanon,2010,2007,26.2,66.7,7.1
Lebanon,2010,2008,26,66.8,7.1
Lebanon,2010,2015,25.08,17.04,54
Lebanon,2010,2016,24.65,16.73,54
Lebanon,2010,2017,24.09,16.42,54
Lesotho,2010,2002,39,56.3,4.7
Lesotho,2010,2003,37.7,56.8,5.5
Lesotho,2010,2004,37.3,57.2,5.5
Lesotho,2010,2005,36.9,57.6,5.5
Lesotho,2010,2006,36.8,58.3,4.9
Lesotho,2010,2007,35.7,59.3,5
Lesotho,2010,2008,35.3,59.8,5
Lesotho,2010,2015,32.67,19.73,54
Lesotho,2010,2016,32.4,19.56,54
Lesotho,2010,2017,32.12,19.43,54
Liberia,2010,2002,43.3,53.2,3.5
Liberia,2010,2003,43.4,53,3.6
Liberia,2010,2004,43.4,52.9,3.6
Liberia,2010,2005,43.6,52.8,3.7
Liberia,2010,2006,43.1,54.2,2.8
Liberia,2010,2007,43.6,53.6,2.7
Liberia,2010,2008,44,53.3,2.8
Liberia,2010,2015,42.75,18.3,54
Liberia,2010,2016,42.3,18.9,54
Liberia,2010,2017,43.82,19.56,54
Libya,2010,2002,35,61,4
Libya,2010,2003,34.5,61.4,4.1
Libya,2010,2004,34.2,61.7,4.1
Libya,2010,2005,33.9,62,4.2
Libya,2010,2006,33.6,62.2,4.2
Libya,2010,2007,33.4,62.4,4.2
Libya,2010,2008,33.2,62.6,4.2
Libya,2010,2015,26.52,17.77,54
Libya,2010,2016,26.17,17.41,54
Libya,2010,2017,25.84,17.09,54
Liechtenstein,2010,2002,18.3,70.5,11.2
Liechtenstein,2010,2003,18.1,70.6,11.3
Liechtenstein,2010,2004,17.8,70.5,11.6
Liechtenstein,2010,2005,17.6,70.4,12
Liechtenstein,2010,2006,17.4,70.2,12.4
Liechtenstein,2010,2007,17.1,70,12.8
Liechtenstein,2010,2008,16.9,69.8,13.3
Liechtenstein,2010,2015,15.54,11.73,54
Liechtenstein,2010,2016,15.38,11.71,54
Liechtenstein,2010,2017,15.26,11.65,54
Lithuania,2010,2002,18.2,68,13.8
Lithuania,2010,2003,17.6,68.4,14
Lithuania,2010,2004,16.7,68.4,14.9
Lithuania,2010,2005,16.1,68.7,15.2
Lithuania,2010,2006,15.5,69.1,15.5
Lithuania,2010,2007,14.9,69.3,15.8
Lithuania,2010,2008,14.5,69.5,16
Lithuania,2010,2015,14.91,11.97,54
Lithuania,2010,2016,14.93,11.55,54
Lithuania,2010,2017,15.01,11.09,54
Luxembourg,2010,2002,18.9,67,14.1
Luxembourg,2010,2003,18.9,66.9,14.2
Luxembourg,2010,2004,19,66.4,14.5
Luxembourg,2010,2005,18.9,66.5,14.6
Luxembourg,2010,2006,18.9,66.5,14.6
Luxembourg,2010,2007,18.8,66.6,14.7
Luxembourg,2010,2008,18.6,66.6,14.7
Luxembourg,2010,2015,16.93,12.28,54
Luxembourg,2010,2016,16.82,12.26,54
Luxembourg,2010,2017,16.77,12.18,54
Macau,2010,2002,21.8,70.9,7.3
Macau,2010,2003,20.9,71.8,7.3
Macau,2010,2004,18,74.2,7.8
Macau,2010,2005,17,75.1,7.9
Macau,2010,2006,16.2,75.9,7.9
Macau,2010,2007,15.4,76.6,8
Macau,2010,2008,16.5,75.8,7.7
Macau,2010,2015,14.31,13.02,54
Macau,2010,2016,14.22,12.36,54
Macau,2010,2017,14.1,11.73,54
Macedonia The Former Yugoslav Republic Of,2010,2002,22.4,67.2,10.4
Macedonia The Former Yugoslav Republic Of,2010,2003,21.9,67.5,10.6
Madagascar,2010,2002,45,51.8,3.2
Madagascar,2010,2003,45,51.9,3.1
Madagascar,2010,2004,44.9,52,3.1
Madagascar,2010,2005,44.8,52.1,3
Madagascar,2010,2006,44.8,52.2,3
Madagascar,2010,2007,43.9,53,3.1
Madagascar,2010,2008,43.7,53.2,3.1
Madagascar,2010,2015,40.45,20.53,54
Madagascar,2010,2016,40.17,20.44,54
Madagascar,2010,2017,39.87,20.34,54
Malawi,2010,2002,44,53.2,2.8
Malawi,2010,2003,46.8,50.5,2.7
Malawi,2010,2004,46.8,50.5,2.8
Malawi,2010,2005,46.9,50.4,2.8
Malawi,2010,2006,46.5,50.8,2.7
Malawi,2010,2007,46.1,51.2,2.7
Malawi,2010,2008,46,51.4,2.7
Malawi,2010,2015,46.73,20.38,54
Malawi,2010,2016,46.53,20.49,54
Malawi,2010,2017,46.34,20.55,54
Malaysia,2010,2002,34.1,61.6,4.3
Malaysia,2010,2003,33.7,61.9,4.4
Malaysia,2010,2004,33.3,62.1,4.5
Malaysia,2010,2005,33,62.4,4.6
Malaysia,2010,2006,32.6,62.6,4.7
Malaysia,2010,2007,32.2,62.9,4.8
Malaysia,2010,2008,31.8,63.3,4.9
Malaysia,2010,2015,28.49,16.91,54
Malaysia,2010,2016,28.16,16.86,54
Malaysia,2010,2017,27.83,16.81,54
Maldives,2010,2002,45.3,51.7,3
Maldives,2010,2003,44.9,52.1,3
Maldives,2010,2004,44.4,52.6,3
Maldives,2010,2005,43.9,53,3.1
Maldives,2010,2006,43.4,53.5,3.1
Maldives,2010,2007,42.9,54,3.1
Maldives,2010,2008,23.5,72.7,3.9
Maldives,2010,2015,21.05,22.41,54
Maldives,2010,2016,21.21,21.29,54
Maldives,2010,2017,21.4,20.21,54
Mali,2010,2002,47.2,49.8,3
Mali,2010,2003,47.2,49.8,3
Mali,2010,2004,47.1,49.9,3
Mali,2010,2005,47.1,50,3
Mali,2010,2006,48.2,48.8,3
Mali,2010,2007,48.2,48.8,3.1
Mali,2010,2008,48.2,48.7,3.1
Mali,2010,2015,47.44,19.09,54
Mali,2010,2016,47.27,19.19,54
Mali,2010,2017,48.17,18.84,54
Malta,2010,2002,19.7,67.5,12.8
Malta,2010,2003,19.5,67.5,13
Malta,2010,2004,18.1,68.5,13.4
Malta,2010,2005,17.6,68.8,13.6
Malta,2010,2006,17.1,69.1,13.7
Malta,2010,2007,16.7,69.5,13.8
Malta,2010,2008,16.4,69.7,13.9
Malta,2010,2015,15.05,12.22,54
Malta,2010,2016,15.01,11.84,54
Malta,2010,2017,15.04,11.44,54
Man Isle Of,2010,2002,17.5,65.3,17.2
Man Isle Of,2010,2003,17.5,65.4,17.1
Man Isle Of,2010,2004,17.4,65.4,17.1
Man Isle Of,2010,2005,17.4,65.5,17.1
Marshall Islands,2010,2002,49.1,48.9,2
Marshall Islands,2010,2003,39.1,58.2,2.7
Marshall Islands,2010,2004,38.6,58.7,2.7
Marshall Islands,2010,2005,38.2,59.1,2.7
Marshall Islands,2010,2006,38.1,59.2,2.7
Marshall Islands,2010,2007,38.3,58.9,2.8
Marshall Islands,2010,2008,38.5,58.6,2.8
Marshall Islands,2010,2015,36.02,17.4,54
Marshall Islands,2010,2017,34.89,18,54
Marshall Islands,2010,2016,35.48,17.54,54
Martinique,2010,2002,23,66.8,10.2
Martinique,2010,2003,22.8,66.9,10.3
Martinique,2010,2004,22.6,67,10.4
Martinique,2010,2005,22.4,67.2,10.5
Martinique,2010,2006,22.1,67.3,10.6
Mauritania,2010,2002,46.1,51.7,2.2
Mauritania,2010,2003,46,51.8,2.2
Mauritania,2010,2004,45.9,51.9,2.2
Mauritania,2010,2005,45.8,52,2.2
Mauritania,2010,2006,45.6,52.2,2.2
Mauritania,2010,2007,45.5,52.4,2.2
Mauritania,2010,2008,45.3,52.5,2.2
Mauritania,2010,2015,39.18,19.9,54
Mauritania,2010,2016,38.87,19.86,54
Mauritania,2010,2017,38.56,19.81,54
Mauritius,2010,2002,25.4,68.3,6.3
Mauritius,2010,2003,25.1,68.5,6.4
Mauritius,2010,2004,24.8,68.8,6.5
Mauritius,2010,2005,24.4,69.1,6.5
Mauritius,2010,2006,23.9,69.5,6.6
Mauritius,2010,2007,23.5,69.8,6.7
Mauritius,2010,2008,23,70.1,6.9
Mauritius,2010,2015,20.74,15.3,54
Mauritius,2010,2016,20.44,15.06,54
Mauritius,2010,2017,20.16,14.8,54
Mayotte,2010,2002,46.6,51.7,1.7
Mayotte,2010,2003,46.5,51.8,1.7
Mayotte,2010,2004,46.4,51.9,1.7
Mayotte,2010,2005,46.2,52.1,1.7
Mayotte,2010,2006,46,52.3,1.7
Mayotte,2010,2007,45.8,52.5,1.8
Mayotte,2010,2008,45.5,52.7,1.8
Mexico,2010,2002,32.8,62.7,4.5
Mexico,2010,2003,32.3,63.1,4.6
Mexico,2010,2004,31.6,62.9,5.5
Mexico,2010,2005,31.1,63.3,5.6
Mexico,2010,2006,30.6,63.6,5.8
Mexico,2010,2007,30.1,64,5.9
Mexico,2010,2008,29.6,64.3,6.1
Mexico,2010,2015,27.59,17.9,54
Mexico,2010,2016,27.26,17.72,54
Mexico,2010,2017,26.93,17.54,54
Micronesia Federated States Of,2010,2003,38.4,58.5,3.2
Micronesia Federated States Of,2010,2004,37.7,59.2,3.1
Micronesia Federated States Of,2010,2005,37.1,59.8,3
Micronesia Federated States Of,2010,2006,36.6,60.4,3
Micronesia Federated States Of,2010,2007,35.9,61.2,2.9
Micronesia Federated States Of,2010,2008,35.3,61.8,2.9
Micronesia Federated States Of,2010,2015,31.34,20,54
Micronesia Federated States Of,2010,2016,30.81,19.8,54
Micronesia Federated States Of,2010,2017,30.3,19.59,54
Moldova,2010,2002,21.7,68.2,10.1
Moldova,2010,2003,21.1,68.7,10.2
Moldova,2010,2004,20.6,69.1,10.3
Moldova,2010,2005,20.2,69.5,10.3
Moldova,2010,2006,20,69.7,10.3
Moldova,2010,2007,16.5,72.6,10.9
Moldova,2010,2008,16.3,72.9,10.9
Moldova,2010,2015,17.86,13.49,54
Moldova,2010,2016,18.03,12.87,54
Moldova,2010,2017,18.18,12.32,54
Monaco,2010,2002,15.5,62.1,22.4
Monaco,2010,2003,15.5,62.1,22.4
Monaco,2010,2004,15.5,62.1,22.4
Monaco,2010,2005,15.5,62.1,22.4
Monaco,2010,2006,15.2,62.1,22.6
Monaco,2010,2007,15,62.3,22.7
Monaco,2010,2008,14.8,62.4,22.8
Monaco,2010,2015,11.41,9.03,54
Monaco,2010,2016,11.08,9.13,54
Monaco,2010,2017,10.68,9.27,54
Mongolia,2010,2002,32,64.1,3.9
Mongolia,2010,2003,30.7,65.7,3.6
Mongolia,2010,2004,29.7,66.7,3.6
Mongolia,2010,2005,28.7,67.7,3.7
Mongolia,2010,2006,27.9,68.4,3.7
Mongolia,2010,2007,28.7,67.4,3.9
Mongolia,2010,2008,28.4,67.7,3.9
Mongolia,2010,2015,26.87,17.69,54
Mongolia,2010,2016,26.92,16.76,54
Mongolia,2010,2017,26.95,16.09,54
Montserrat,2010,2002,23.6,65,11.4
Montserrat,2010,2003,23.4,65.3,11.4
Montserrat,2010,2004,23.3,65.5,11.2
Montserrat,2010,2005,23.3,65.6,11.1
Montserrat,2010,2006,23.3,65.7,10.9
Montserrat,2010,2007,23.5,65.7,10.8
Montserrat,2010,2008,27.8,64.8,7.4
Montserrat,2010,2015,17.99,20.89,54
Montserrat,2010,2016,16.27,22.08,54
Montserrat,2010,2017,16.5,21.52,54
Morocco,2010,2002,33.8,61.5,4.7
Morocco,2010,2003,33.2,62,4.8
Morocco,2010,2004,32.6,62.5,4.9
Morocco,2010,2005,32.1,63,4.9
Morocco,2010,2006,31.6,63.4,5
Morocco,2010,2007,31,63.9,5.1
Morocco,2010,2008,30.5,64.3,5.2
Morocco,2010,2015,26.41,17.42,54
Morocco,2010,2016,26.08,17.22,54
Morocco,2010,2017,25.77,17.04,54
Mozambique,2010,2002,42.5,54.7,2.8
Mozambique,2010,2003,42.1,55.3,2.6
Mozambique,2010,2004,43.6,53.6,2.8
Mozambique,2010,2005,43.1,54.1,2.8
Mozambique,2010,2006,42.7,54.5,2.8
Mozambique,2010,2007,44.7,52.5,2.8
Mozambique,2010,2008,44.5,52.7,2.8
Mozambique,2010,2015,45.13,21.43,54
Mozambique,2010,2016,44.92,21.51,54
Mozambique,2010,2017,44.72,21.57,54
Namibia,2010,2002,42.6,53.7,3.7
Namibia,2010,2003,42.5,54,3.5
Namibia,2010,2004,42.4,54,3.5
Namibia,2010,2005,38.7,57.7,3.6
Namibia,2010,2006,38.2,58.1,3.7
Namibia,2010,2007,37.7,58.6,3.8
Namibia,2010,2008,36.7,59.5,3.8
Namibia,2010,2015,30.95,23.11,54
Namibia,2010,2016,37.39,20.35,54
Namibia,2010,2017,36.97,20.35,54
Nauru,2010,2002,39.6,58.7,1.7
Nauru,2010,2003,38.9,59.3,1.8
Nauru,2010,2004,38.2,60,1.9
Nauru,2010,2005,37.5,60.6,1.9
Nauru,2010,2006,36.9,61.2,2
Nauru,2010,2007,36.4,61.6,2
Nauru,2010,2008,35.5,62.5,2.1
Nauru,2010,2015,32.45,16.13,54
Nauru,2010,2016,31.93,16.09,54
Nauru,2010,2017,31.4,16.21,54
Nepal,2010,2002,40,56.4,3.6
Nepal,2010,2003,39.7,56.7,3.6
Nepal,2010,2004,39.4,57,3.6
Nepal,2010,2005,39,57.3,3.7
Nepal,2010,2006,38.7,57.6,3.7
Nepal,2010,2007,38.3,57.9,3.8
Nepal,2010,2008,38,58.2,3.8
Nepal,2010,2015,30.72,22.51,54
Nepal,2010,2016,30.93,21.86,54
Nepal,2010,2017,30.2,21.73,54
Netherlands,2010,2002,18.3,67.9,13.8
Netherlands,2010,2003,18.2,67.9,13.9
Netherlands,2010,2004,18.3,67.8,13.9
Netherlands,2010,2005,18.1,67.8,14.1
Netherlands,2010,2006,18,67.8,14.2
Netherlands,2010,2007,17.8,67.8,14.4
Netherlands,2010,2008,17.6,67.8,14.6
Netherlands,2010,2015,16.73,12.15,54
Netherlands,2010,2016,16.56,12.11,54
Netherlands,2010,2017,16.41,12.07,54
Netherlands Antilles,2010,2002,25,67.1,7.9
Netherlands Antilles,2010,2003,24.7,67.1,8.1
Netherlands Antilles,2010,2004,24.5,67.2,8.3
Netherlands Antilles,2010,2005,24.2,67.3,8.5
Netherlands Antilles,2010,2006,23.9,67.3,8.7
Netherlands Antilles,2010,2007,23.6,67.4,9
Netherlands Antilles,2010,2008,23.2,67.5,9.3
New Caledonia,2010,2002,30,64.1,5.9
New Caledonia,2010,2003,29.7,64.2,6.1
New Caledonia,2010,2004,29.4,64.3,6.3
New Caledonia,2010,2005,29,64.6,6.4
New Caledonia,2010,2006,28.4,64.9,6.6
New Caledonia,2010,2007,27.9,65.3,6.8
New Caledonia,2010,2008,27.3,65.6,7.1
New Caledonia,2010,2015,23.19,16.89,54
New Caledonia,2010,2016,22.78,16.7,54
New Caledonia,2010,2017,22.46,16.44,54
New Zealand,2010,2002,22.2,66.3,11.5
New Zealand,2010,2003,21.9,66.5,11.6
New Zealand,2010,2004,21.7,66.7,11.6
New Zealand,2010,2005,21.4,66.9,11.7
New Zealand,2010,2006,21.1,67.1,11.8
New Zealand,2010,2007,20.8,67.3,11.9
New Zealand,2010,2008,20.9,66.5,12.6
New Zealand,2010,2015,19.87,13.74,54
New Zealand,2010,2016,19.76,13.56,54
New Zealand,2010,2017,19.69,13.35,54
Nicaragua,2010,2002,38.3,58.7,3
Nicaragua,2010,2003,37.7,59.2,3
Nicaragua,2010,2004,38.1,58.9,3
Nicaragua,2010,2005,37.2,59.7,3.1
Nicaragua,2010,2006,36.4,60.5,3.1
Nicaragua,2010,2007,35.5,61.3,3.2
Nicaragua,2010,2008,34.6,62.1,3.3
Nicaragua,2010,2015,28.57,22.16,54
Nicaragua,2010,2016,27.88,21.78,54
Nicaragua,2010,2017,27.24,21.26,54
Niger,2010,2002,47.9,49.8,2.3
Niger,2010,2003,47.6,50.2,2.2
Niger,2010,2004,47.5,50.4,2.1
Niger,2010,2005,47.3,50.6,2.1
Niger,2010,2006,46.9,50.7,2.4
Niger,2010,2007,46.9,50.6,2.4
Niger,2010,2008,47,50.6,2.4
Niger,2010,2015,49.57,18.61,54
Niger,2010,2016,49.31,18.85,54
Niger,2010,2017,49.01,19.1,54
Nigeria,2010,2002,43.6,53.6,2.8
Nigeria,2010,2003,43.6,53.6,2.8
Nigeria,2010,2004,43.4,53.7,2.9
Nigeria,2010,2005,42.3,54.6,3.1
Nigeria,2010,2006,42.3,54.6,3.1
Nigeria,2010,2007,42.2,54.7,3.1
Nigeria,2010,2008,41.7,55.3,3
Nigeria,2010,2015,43.01,19.38,54
Nigeria,2010,2016,42.79,19.48,54
Nigeria,2010,2017,42.54,19.61,54
Niue,2010,2003,15
Niue,2010,2004,15
Niue,2010,2006,15
Norfolk Island,2010,2002,20.2,15.9
Norfolk Island,2010,1996,20.2,15.9
Norfolk Island,2010,2003,20.2,15.9
Norfolk Island,2010,2004,20.2,15.9
Norfolk Island,2010,2005,20.2,15.9
Norfolk Island,2010,2006,20.2,15.9
Norfolk Island,2010,2007,20.2,15.9
Norfolk Island,2010,2008,20.2,15.9
Northern Mariana Islands,2010,2002,23.4,74.8,1.8
Northern Mariana Islands,2010,2003,23.3,74.8,1.8
Northern Mariana Islands,2010,2004,20.3,78.1,1.6
Northern Mariana Islands,2010,2005,19.9,78.5,1.6
Northern Mariana Islands,2010,2006,19.4,79,1.6
Northern Mariana Islands,2010,2007,18.9,79.5,1.6
Northern Mariana Islands,2010,2008,18.4,79.9,1.7
Northern Mariana Islands,2010,2015,25.6,14.39,54
Northern Mariana Islands,2010,2016,25.54,13.59,54
Northern Mariana Islands,2010,2017,26.63,15.59,54
Norway,2010,2002,20,65,15
Norway,2010,2003,19.9,65.2,14.9
Norway,2010,2004,19.8,65.4,14.8
Norway,2010,2005,19.5,65.7,14.8
Norway,2010,2006,19.3,65.9,14.8
Norway,2010,2007,19,66.1,14.8
Norway,2010,2008,18.8,66.2,15
Norway,2010,2015,18.08,12.99,54
Norway,2010,2016,18.02,12.8,54
Norway,2010,2017,18,12.58,54
Oman,2010,2002,41.9,55.7,2.4
Oman,2010,2003,42.2,55.4,2.4
Oman,2010,2004,42.4,55.1,2.5
Oman,2010,2005,42.6,54.9,2.5
Oman,2010,2006,42.7,54.7,2.6
Oman,2010,2007,42.7,54.6,2.7
Oman,2010,2008,42.7,54.5,2.8
Oman,2010,2015,30.23,19.51,54
Oman,2010,2016,30.14,19.11,54
Oman,2010,2017,30.1,18.69,54
Pakistan,2010,2002,39.9,56,4.1
Pakistan,2010,2003,39.3,56.5,4.2
Pakistan,2010,2004,40.2,55.8,4.1
Pakistan,2010,2005,39.6,56.3,4.1
Pakistan,2010,2006,39,56.9,4.1
Pakistan,2010,2007,36.9,58.8,4.3
Pakistan,2010,2008,37.8,58,4.2
Pakistan,2010,2015,32.65,21.44,54
Pakistan,2010,2016,31.99,21.31,54
Pakistan,2010,2017,31.36,21.14,54
Palau,2010,2002,26.8,68.6,4.6
Palau,2010,2003,26.7,68.7,4.6
Palau,2010,2004,26.6,68.8,4.6
Palau,2010,2005,26.4,69,4.6
Palau,2010,2006,26.3,69.1,4.6
Palau,2010,2007,26,69.2,4.7
Palau,2010,2008,25.8,69.4,4.8
Palau,2010,2015,20.26,17.18,54
Palau,2010,2016,19.93,17.02,54
Palau,2010,2017,19.69,16.68,54
Panama,2010,2002,29.6,64.3,6.1
Panama,2010,2003,30.6,63.3,6.1
Panama,2010,2004,30.2,63.6,6.2
Panama,2010,2005,29.8,63.9,6.4
Panama,2010,2006,30.3,63.4,6.3
Panama,2010,2007,30,63.6,6.4
Panama,2010,2008,29.6,63.8,6.7
Panama,2010,2015,27.06,17.2,54
Panama,2010,2016,26.7,17.11,54
Panama,2010,2017,26.4,16.99,54
Papua New Guinea,2010,2002,38.6,57.7,3.7
Papua New Guinea,2010,2003,38.4,57.8,3.8
Papua New Guinea,2010,2004,38.3,58,3.8
Papua New Guinea,2010,2005,38.1,58.1,3.8
Papua New Guinea,2010,2006,37.8,58.3,3.9
Papua New Guinea,2010,2007,37.6,58.5,3.9
Papua New Guinea,2010,2008,37.3,58.7,4
Papua New Guinea,2010,2015,34.45,19.77,54
Papua New Guinea,2010,2016,33.93,19.86,54
Papua New Guinea,2010,2017,33.43,19.92,54
Paraguay,2010,2002,38.7,56.6,4.7
Paraguay,2010,2003,38.4,56.8,4.7
Paraguay,2010,2004,38.2,57,4.8
Paraguay,2010,2005,37.9,57.3,4.8
Paraguay,2010,2006,37.7,57.5,4.8
Paraguay,2010,2007,37.2,57.7,5.1
Paraguay,2010,2008,36.9,57.9,5.1
Paraguay,2010,2015,25.59,20.14,54
Paraguay,2010,2016,25.04,19.74,54
Paraguay,2010,2017,24.56,19.29,54
Peru,2010,2002,34,61.1,4.9
Peru,2010,2003,33.5,61.5,5
Peru,2010,2004,32.1,62.8,5.1
Peru,2010,2005,31.5,63.3,5.2
Peru,2010,2006,30.9,63.7,5.3
Peru,2010,2007,30.3,64.2,5.4
Peru,2010,2008,29.7,64.7,5.6
Peru,2010,2015,26.95,18.93,54
Peru,2010,2016,26.62,18.63,54
Peru,2010,2017,26.31,18.31,54
Philippines,2010,2002,36.6,59.7,3.7
Philippines,2010,2003,36.2,59.9,3.9
Philippines,2010,2004,35.8,60.2,3.9
Philippines,2010,2005,35.4,60.6,4
Philippines,2010,2006,35,61,4.1
Philippines,2010,2007,34.5,61.3,4.1
Philippines,2010,2008,35.5,60.4,4.1
Philippines,2010,2015,34.02,19.18,54
Philippines,2010,2016,33.71,19.17,54
Philippines,2010,2017,33.39,19.16,54
Pitcairn Islands,2010,2003,15
Pitcairn Islands,2010,2006,15
Poland,2010,2002,17.9,69.5,12.6
Poland,2010,2003,17.5,69.8,12.7
Poland,2010,2004,17.1,70,12.9
Poland,2010,2005,16.7,70.3,13
Poland,2010,2006,15.9,70.8,13.3
Poland,2010,2007,15.5,71.1,13.3
Poland,2010,2008,15.2,71.4,13.4
Poland,2010,2015,14.7,11.52,54
Poland,2010,2016,14.72,11.11,54
Poland,2010,2017,14.76,10.7,54
Portugal,2010,2002,16.9,67.3,15.8
Portugal,2010,2003,16.8,67.2,16
Portugal,2010,2004,16.7,66.4,16.9
Portugal,2010,2005,16.6,66.3,17.1
Portugal,2010,2006,16.5,66.3,17.2
Portugal,2010,2007,16.5,66.3,17.3
Portugal,2010,2008,16.4,66.2,17.4
Portugal,2010,2015,15.68,11.41,54
Portugal,2010,2016,15.5,11.4,54
Portugal,2010,2017,15.34,11.36,54
Puerto Rico,2010,2002,23.5,65.8,10.7
Puerto Rico,2010,2003,22.9,65.2,11.9
Puerto Rico,2010,2004,22.4,65.4,12.2
Puerto Rico,2010,2005,22,65.5,12.4
Puerto Rico,2010,2006,21.3,65.8,12.8
Puerto Rico,2010,2007,21,65.9,13.1
Puerto Rico,2010,2008,20.5,66,13.5
Puerto Rico,2010,2015,17.72,14.3,54
Puerto Rico,2010,2016,17.4,14.11,54
Puerto Rico,2010,2017,15.77,13.71,54
Qatar,2010,2002,25.2,72.1,2.7
Qatar,2010,2003,24.7,72.4,2.9
Qatar,2010,2004,24.2,72.7,3.1
Qatar,2010,2005,23.7,72.9,3.4
Qatar,2010,2006,23.4,73,3.7
Qatar,2010,2007,23.1,72.9,4
Qatar,2010,2008,21.8,76.8,1.4
Qatar,2010,2015,12.52,12.96,54
Qatar,2010,2016,12.57,12.62,54
Qatar,2010,2017,12.63,12.35,54
Reunion,2010,2002,31.7,62.5,5.8
Reunion,2010,2003,31.3,62.8,5.9
Reunion,2010,2004,30.9,63.1,6
Reunion,2010,2005,30.4,63.6,6.1
Reunion,2010,2006,29.8,64,6.2
Romania,2010,2002,17.4,68.8,13.8
Romania,2010,2003,16.9,69,14
Romania,2010,2004,16.2,69.4,14.4
Romania,2010,2005,15.9,69.5,14.6
Romania,2010,2006,15.7,69.6,14.7
Romania,2010,2007,15.6,69.6,14.7
Romania,2010,2008,15.6,69.7,14.7
Romania,2010,2015,14.49,10.94,54
Romania,2010,2016,14.4,10.76,54
Romania,2010,2017,14.35,10.6,54
Russia,2010,2002,16.7,70.2,13.1
Russia,2010,2003,16,70.4,13.6
Russia,2010,2004,15,71.3,13.7
Russia,2010,2005,14.6,71.3,14.2
Russia,2010,2006,14.2,71.3,14.4
Russia,2010,2007,14.6,71.1,14.4
Russia,2010,2008,14.6,71.2,14.1
Russia,2010,2015,16.68,10.15,54
Russia,2010,2016,16.94,9.71,54
Russia,2010,2017,17.12,9.46,54
Rwanda,2010,2002,41.7,55.4,2.9
Rwanda,2010,2003,42.5,54.8,2.7
Rwanda,2010,2004,42.3,55,2.7
Rwanda,2010,2005,41.9,55.5,2.6
Rwanda,2010,2006,41.9,55.6,2.5
Rwanda,2010,2007,41.9,55.7,2.5
Rwanda,2010,2008,41.9,55.7,2.4
Rwanda,2010,2015,41.83,18.86,54
Rwanda,2010,2016,41.53,18.87,54
Rwanda,2010,2017,41.38,19.34,54
Saint Helena,2010,2002,18.8,71.9,9.3
Saint Helena,2010,2003,18.9,71.6,9.5
Saint Helena,2010,2004,18.9,71.4,9.7
Saint Helena,2010,2005,18.8,71.3,9.8
Saint Helena,2010,2006,18.8,71.2,10
Saint Helena,2010,2007,18.7,71.1,10.2
Saint Helena,2010,2008,18.5,70.7,10.8
Saint Kitts And Nevis,2010,2002,29.4,61.9,8.7
Saint Kitts And Nevis,2010,2003,29,62.4,8.5
Saint Kitts And Nevis,2010,2004,28.6,63,8.4
Saint Kitts And Nevis,2010,2005,28,63.7,8.3
Saint Kitts And Nevis,2010,2006,27.5,64.3,8.1
Saint Kitts And Nevis,2010,2007,27.2,64.9,7.9
Saint Kitts And Nevis,2010,2008,26.7,65.3,8.1
Saint Kitts And Nevis,2010,2015,20.99,15.1,54
Saint Kitts And Nevis,2010,2016,20.61,14.82,54
Saint Kitts And Nevis,2010,2000,20.61,14.82,54
Saint Kitts And Nevis,2010,2017,20.32,14.54,54
Saint Lucia,2010,2002,31.6,63.1,5.3
Saint Lucia,2010,2003,31.1,63.7,5.2
Saint Lucia,2010,2004,30.7,64.1,5.2
Saint Lucia,2010,2005,30.3,64.6,5.2
Saint Lucia,2010,2006,29.8,65,5.2
Saint Lucia,2010,2007,29.4,65.5,5.1
Saint Lucia,2010,2008,25.2,65.8,9
Saint Lucia,2010,2015,20.75,16.3,54
Saint Lucia,2010,2016,20.35,15.88,54
Saint Lucia,2010,2017,20.02,15.37,54
Saint Pierre And Miquelon,2010,2002,25.4,64.4,10.2
Saint Pierre And Miquelon,2010,2003,25,64.7,10.3
Saint Pierre And Miquelon,2010,2004,24.6,64.9,10.5
Saint Pierre And Miquelon,2010,2005,24,65.3,10.6
Saint Pierre And Miquelon,2010,2006,23.5,65.7,10.8
Saint Pierre And Miquelon,2010,2007,23,65.9,11.1
Saint Pierre And Miquelon,2010,2008,22.4,66.3,11.3
Saint Pierre And Miquelon,2010,2015,15.96,8.75,54
Saint Pierre And Miquelon,2010,2016,15.57,9.06,54
Saint Pierre And Miquelon,2010,2017,15.29,9.05,54
Saint Vincent And The Grenadines,2010,2002,28.9,64.8,6.3
Saint Vincent And The Grenadines,2010,2003,28.2,65.5,6.4
Saint Vincent And The Grenadines,2010,2004,27.6,66,6.4
Saint Vincent And The Grenadines,2010,2005,27.1,66.5,6.4
Saint Vincent And The Grenadines,2010,2006,26.7,66.9,6.4
Saint Vincent And The Grenadines,2010,2007,25.9,67.6,6.5
Saint Vincent And The Grenadines,2010,2008,25.1,68.4,6.5
Saint Vincent And The Grenadines,2010,2015,22.31,16.49,54
Saint Vincent And The Grenadines,2010,2016,21.78,16.28,54
Saint Vincent And The Grenadines,2010,2017,21.3,15.97,54
Samoa,2010,2002,30.6,63.5,5.9
Samoa,2010,2003,29.4,64.6,6.1
Samoa,2010,2004,28.3,65.5,6.3
Samoa,2010,2005,27.2,66.4,6.4
Samoa,2010,2006,26.1,67.3,6.6
Samoa,2010,2007,38.1,56.3,5.6
Samoa,2010,2008,37.9,56.5,5.6
Samoa,2010,2015,32.72,19.96,54
Samoa,2010,2016,32.04,19.89,54
Samoa,2010,2017,31.35,19.82,54
San Marino,2010,2002,16.1,67.5,16.4
San Marino,2010,2003,16.3,67.1,16.6
San Marino,2010,2009,15.69,11.15,54
San Marino,2010,2004,16.5,66.8,16.7
San Marino,2010,2005,16.7,66.5,16.9
San Marino,2010,2006,16.8,66.2,17
San Marino,2010,2007,16.8,66.1,17.1
San Marino,2010,2008,16.8,66,17.2
San Marino,2010,2015,15.69,11.15,54
San Marino,2010,2016,15.46,11.34,54
San Marino,2010,2017,15.22,11.52
Sao Tome And Principe,2010,2002,47.7,48.3,4
Sao Tome And Principe,2010,2003,47.7,48.3,4
Sao Tome And Principe,2010,2004,47.7,48.4,3.9
Sao Tome And Principe,2010,2005,47.6,48.6,3.9
Sao Tome And Principe,2010,2006,47.5,48.8,3.8
Sao Tome And Principe,2010,2007,47.3,49,3.7
Sao Tome And Principe,2010,2008,47.1,49.3,3.6
Sao Tome And Principe,2010,2015,43.04,20.03,54
Sao Tome And Principe,2010,2016,42.47,20.33,54
Sao Tome And Principe,2010,2017,41.85,20.68,54
Saudi Arabia,2010,2002,42.4,54.8,2.8
Saudi Arabia,2010,2003,42.3,54.8,2.9
Saudi Arabia,2010,2004,38.3,59.3,2.3
Saudi Arabia,2010,2005,38.2,59.4,2.4
Saudi Arabia,2010,2006,38.2,59.4,2.4
Saudi Arabia,2010,2007,38.2,59.4,2.4
Saudi Arabia,2010,2008,38,59.5,2.4
Saudi Arabia,2010,2015,27.07,19.11,54
Saudi Arabia,2010,2016,26.56,18.85,54
Saudi Arabia,2010,2017,26.1,18.57,54
Senegal,2010,2002,43.5,53.4,3.1
Senegal,2010,2003,43.7,53.3,3
Senegal,2010,2004,43.2,53.7,3
Senegal,2010,2005,42.8,54.1,3
Senegal,2010,2006,40.8,56.1,3.1
Senegal,2010,2007,42,55,3
Senegal,2010,2008,41.9,55.1,3
Senegal,2010,2015,42.16,20.4,54
Senegal,2010,2016,41.85,20.36,54
Senegal,2010,2017,41.51,20.33,54
Serbia And Montenegro,2010,2002,19.6,65.3,15.1
Serbia And Montenegro,2010,2003,19.3,65.4,15.3
Serbia And Montenegro,2010,2004,18.3,66.8,14.9
Serbia And Montenegro,2010,2005,18.1,66.9,15
Seychelles,2010,2002,27.8,66,6.2
Seychelles,2010,2003,27.3,66.5,6.2
Seychelles,2010,2004,26.9,66.9,6.2
Seychelles,2010,2005,26.4,67.4,6.2
Seychelles,2010,2006,25.9,68,6.1
Seychelles,2010,2007,25.4,68.5,6.1
Seychelles,2010,2008,24.9,69.1,6.1
Seychelles,2010,2015,20.53,13.92,54
Seychelles,2010,2016,20.19,13.58,54
Seychelles,2010,2017,19.88,13.24,54
Sierra Leone,2010,2002,44.7,52.1,3.2
Sierra Leone,2010,2003,44.8,52,3.2
Sierra Leone,2010,2004,44.8,52,3.2
Sierra Leone,2010,2005,44.7,52,3.3
Sierra Leone,2010,2006,44.8,52,3.2
Sierra Leone,2010,2007,44.8,52,3.2
Sierra Leone,2010,2008,44.6,52.2,3.2
Sierra Leone,2010,2015,41.93,18.67,54
Sierra Leone,2010,2016,41.9,18.57,54
Sierra Leone,2010,2017,41.82,18.56,54
Singapore,2010,2002,17.6,75.3,7.1
Singapore,2010,2003,17.3,75.5,7.2
Singapore,2010,2004,16.5,75.8,7.8
Singapore,2010,2005,16,75.9,8.1
Singapore,2010,2006,15.6,76.1,8.3
Singapore,2010,2007,15.2,76.3,8.5
Singapore,2010,2008,14.8,76.5,8.7
Singapore,2010,2015,13.14,17.43,54
Singapore,2010,2016,12.94,17.02,54
Singapore,2010,2017,12.82,16.56,54
Slovakia,2010,2002,18.3,70.1,11.6
Slovakia,2010,2003,17.8,70.5,11.7
Slovakia,2010,2004,17.5,70.8,11.7
Slovakia,2010,2005,17.1,71,11.9
Slovakia,2010,2006,16.7,71.3,12
Slovakia,2010,2007,16.4,71.5,12.2
Slovakia,2010,2008,16.1,71.7,12.3
Slovakia,2010,2015,15.14,11.78,54
Slovakia,2010,2016,15.14,11.32,54
Slovakia,2010,2017,15.17,10.87,54
Slovenia,2010,2002,15.7,69.8,14.5
Slovenia,2010,2003,15.3,70,14.7
Slovenia,2010,2004,14.3,70.6,15.1
Slovenia,2010,2005,14,70.6,15.4
Slovenia,2010,2006,13.8,70.5,15.7
Slovenia,2010,2007,13.7,70.3,16
Slovenia,2010,2008,13.6,70.1,16.3
Slovenia,2010,2015,13.38,9.76,54
Slovenia,2010,2016,13.35,9.58,54
Slovenia,2010,2017,13.32,9.45,54
Solomon Islands,2010,2002,43.4,53.5,3.1
Solomon Islands,2010,2003,42.9,54,3.1
Solomon Islands,2010,2004,42.4,54.4,3.2
Solomon Islands,2010,2005,41.9,54.9,3.2
Solomon Islands,2010,2006,41.3,55.4,3.3
Solomon Islands,2010,2007,40.7,55.9,3.3
Solomon Islands,2010,2008,40.1,56.5,3.4
Solomon Islands,2010,2015,35.68,20.01,54
Solomon Islands,2010,2016,35.13,20.01,54
Solomon Islands,2010,2017,34.59,19.99,54
Somalia,2010,2002,44.7,52.6,2.7
Somalia,2010,2003,44.8,52.5,2.7
Somalia,2010,2004,44.7,52.7,2.7
Somalia,2010,2005,44.5,52.9,2.6
Somalia,2010,2006,44.4,53,2.6
Somalia,2010,2007,44.4,53,2.6
Somalia,2010,2008,44.7,52.8,2.5
Somalia,2010,2015,43.72,18.85,54
Somalia,2010,2016,43.42,18.87,54
Somalia,2010,2017,43.15,19.04,54
South Africa,2010,2002,31.6,63.4,5
South Africa,2010,2003,30,65,5
South Africa,2010,2004,29.5,65.3,5.2
South Africa,2010,2005,30.3,64.5,5.2
South Africa,2010,2006,29.7,65,5.3
South Africa,2010,2007,29.1,65.5,5.4
South Africa,2010,2008,29.2,65.5,5.3
South Africa,2010,2015,28.43,18.52,54
South Africa,2010,2016,28.34,18.07,54
South Africa,2010,2017,28.27,17.61,54
Spain,2010,2002,14.5,68.1,17.4
Spain,2010,2003,14.4,68,17.6
Spain,2010,2004,14.4,68,17.6
Spain,2010,2005,14.4,68,17.6
Spain,2010,2006,14.4,67.8,17.7
Spain,2010,2007,14.4,67.8,17.8
Spain,2010,2008,14.4,67.6,17.9
Spain,2010,2015,15.45,9.56,54
Spain,2010,2016,15.43,9.56,54
Spain,2010,2017,15.38,9.58,54
Sri Lanka,2010,2002,25.6,67.7,6.7
Sri Lanka,2010,2003,25.2,67.9,6.9
Sri Lanka,2010,2004,24.8,68.2,7
Sri Lanka,2010,2005,24.5,68.4,7.2
Sri Lanka,2010,2006,24.1,68.6,7.3
Sri Lanka,2010,2007,24.3,67.9,7.8
Sri Lanka,2010,2008,24.1,68,7.9
Sri Lanka,2010,2015,24.58,14.77,54
Sri Lanka,2010,2016,24.35,14.7,54
Sri Lanka,2010,2017,24.06,14.63,54
Sudan,2010,2002,44.2,53.6,2.2
Sudan,2010,2003,44,53.8,2.2
Sudan,2010,2004,43.7,54.1,2.3
Sudan,2010,2005,43.2,54.5,2.4
Sudan,2010,2006,42.7,54.9,2.4
Sudan,2010,2007,41.6,56,2.4
Sudan,2010,2008,41.1,56.4,2.5
Sudan,2010,2015,40.15,20.5,54
Sudan,2010,2016,39.43,20.77,54
Sudan,2010,2017,38.68,21.04,54
Suriname,2010,2002,31.1,63.1,5.8
Suriname,2010,2003,30.7,63.3,6
Suriname,2010,2004,30.2,63.7,6.1
Suriname,2010,2005,29.6,64.2,6.2
Suriname,2010,2006,29,64.7,6.3
Suriname,2010,2007,28,65.7,6.2
Suriname,2010,2008,27.5,66.2,6.3
Suriname,2010,2015,25.66,17.48,54
Suriname,2010,2016,25.15,17.46,54
Suriname,2010,2017,24.62,17.44,54
Svalbard,2010,2003,15
Svalbard,2010,2006,15
Swaziland,2010,2002,45.5,51.9,2.6
Swaziland,2010,2003,41.4,55.1,3.5
Swaziland,2010,2004,41,55.3,3.7
Swaziland,2010,2005,40.6,55.6,3.8
Swaziland,2010,2006,40.7,55.8,3.6
Swaziland,2010,2007,40.3,56.1,3.6
Swaziland,2010,2008,39.9,56.5,3.6
Swaziland,2010,2015,35.99,22.26,54
Swaziland,2010,2016,35.5,22.19,54
Swaziland,2010,2017,35.01,22.12,54
Sweden,2010,2002,18,64.7,17.3
Sweden,2010,2003,17.7,65,17.3
Sweden,2010,2004,17.5,65.2,17.3
Sweden,2010,2005,17.1,65.5,17.4
Sweden,2010,2006,16.7,65.7,17.6
Sweden,2010,2007,16.4,65.7,17.9
Sweden,2010,2008,16,65.6,18.3
Sweden,2010,2015,17.12,11.97,54
Sweden,2010,2016,17.28,11.63,54
Sweden,2010,2017,17.43,11.31,54
Switzerland,2010,2002,16.8,67.7,15.5
Switzerland,2010,2003,16.6,67.8,15.6
Switzerland,2010,2004,16.8,67.9,15.3
Switzerland,2010,2005,16.6,68,15.4
Switzerland,2010,2006,16.3,68.1,15.6
Switzerland,2010,2007,16.1,68.2,15.8
Switzerland,2010,2008,15.8,68.2,16
Switzerland,2010,2015,15.09,11.29,54
Switzerland,2010,2016,15.1,11.11,54
Switzerland,2010,2017,15.16,10.88,54
Syria,2010,2002,39.3,57.5,3.2
Syria,2010,2003,38.6,58.2,3.2
Syria,2010,2004,38,58.7,3.3
Syria,2010,2005,37.4,59.3,3.3
Syria,2010,2006,37,59.7,3.3
Syria,2010,2007,36.5,60.1,3.3
Syria,2010,2008,36.2,60.5,3.3
Syria,2010,2015,32.49,19.85,54
Syria,2010,2016,31.95,19.65,54
Syria,2010,2017,31.62,19.54,54
Taiwan,2010,2002,21,70,9
Taiwan,2010,2003,20.1,70.6,9.3
Taiwan,2010,2004,19.9,70.7,9.4
Taiwan,2010,2005,19.7,70.7,9.6
Taiwan,2010,2006,19.4,70.8,9.8
Taiwan,2010,2007,17.8,72,10.2
Taiwan,2010,2008,17.3,72.3,10.5
Taiwan,2010,2015,13.52,13.36,54
Taiwan,2010,2016,13.13,13.17,54
Taiwan,2010,2017,12.88,12.88,54
Tajikistan,2010,2002,40.4,54.9,4.7
Tajikistan,2010,2003,39.8,55.5,4.7
Tajikistan,2010,2004,39.2,56.1,4.7
Tajikistan,2010,2005,38.5,56.7,4.8
Tajikistan,2010,2006,37.9,57.4,4.8
Tajikistan,2010,2007,35,61.2,3.8
Tajikistan,2010,2008,34.6,61.7,3.7
Tajikistan,2010,2015,32.75,19.7,54
Tajikistan,2010,2016,32.56,19.04,54
Tajikistan,2010,2017,32.33,18.61,54
Tanzania,2010,2002,44.6,52.5,2.9
Tanzania,2010,2003,44.3,53.1,2.6
Tanzania,2010,2004,44.2,53.2,2.6
Tanzania,2010,2005,44,53.4,2.6
Tanzania,2010,2006,43.7,53.6,2.6
Tanzania,2010,2007,43.9,53.3,2.8
Tanzania,2010,2008,43.5,53.7,2.8
Tanzania,2010,2015,44.34,19.59,54
Tanzania,2010,2016,44.06,19.71,54
Tanzania,2010,2017,43.74,19.86,54
Thailand,2010,2002,23.3,69.9,6.8
Thailand,2010,2003,24.2,68.8,7
Thailand,2010,2004,24.1,68.7,7.3
Thailand,2010,2005,23.9,68.6,7.5
Thailand,2010,2006,22,70,8
Thailand,2010,2007,21.6,70.1,8.2
Thailand,2010,2008,21.2,70.3,8.5
Thailand,2010,2015,17.41,14.78,54
Thailand,2010,2016,17.18,14.47,54
Thailand,2010,2017,16.93,14.17,54
Togo,2010,2002,45.1,52.4,2.5
Togo,2010,2003,44.5,53,2.5
Togo,2010,2004,43.9,53.6,2.6
Togo,2010,2005,43.2,54.2,2.6
Togo,2010,2006,42.3,55.1,2.6
Togo,2010,2007,42,55.3,2.7
Togo,2010,2008,41.7,55.6,2.7
Togo,2010,2015,40.56,19.51,54
Togo,2010,2016,40.44,19.34,54
Togo,2010,2017,40.29,19.2,54
Tokelau,2010,2002,42,5
Tokelau,2010,1996,42,5
Tokelau,2010,2003,42,5
Tokelau,2010,2004,42,5
Tokelau,2010,2005,42,5
Tokelau,2010,2006,42,5
Tonga,2010,2002,39.5,56.4,4.1
Tonga,2010,2003,38.2,57.6,4.1
Tonga,2010,2004,37.1,58.7,4.2
Tonga,2010,2005,36.2,59.7,4.2
Tonga,2010,2006,35.3,60.5,4.2
Tonga,2010,2007,34.6,61.2,4.2
Tonga,2010,2008,33.7,62,4.3
Tonga,2010,2015,35.06,19.44,54
Tonga,2010,2016,34.47,19.57,54
Tonga,2010,2017,33.87,19.65,54
Trinidad And Tobago,2010,2002,23,70.2,6.8
Trinidad And Tobago,2010,2003,22.2,70,7.9
Trinidad And Tobago,2010,2004,21.4,70.6,8.1
Trinidad And Tobago,2010,2005,20.7,71,8.3
Trinidad And Tobago,2010,2006,20.1,71.3,8.6
Trinidad And Tobago,2010,2007,19.5,71.6,8.9
Trinidad And Tobago,2010,2008,19,71.8,9.2
Trinidad And Tobago,2010,2015,19.41,12.59,54
Trinidad And Tobago,2010,2016,19.34,12.24,54
Trinidad And Tobago,2010,2017,19.29,11.88,54
Tunisia,2010,2002,27.8,65.9,6.3
Tunisia,2010,2003,27,66.6,6.4
Tunisia,2010,2004,26,67.5,6.5
Tunisia,2010,2005,25.3,68.1,6.6
Tunisia,2010,2006,24.6,68.6,6.7
Tunisia,2010,2007,24,69.2,6.9
Tunisia,2010,2008,23.2,69.7,7.1
Tunisia,2010,2015,23.03,15.53,54
Tunisia,2010,2016,23.02,15.05,54
Tunisia,2010,2017,25.15,13.99,54
Turkey,2010,2002,27.8,65.9,6.3
Turkey,2010,2003,27.2,66.4,6.4
Turkey,2010,2004,26.6,66.8,6.6
Turkey,2010,2005,26,67.3,6.7
Turkey,2010,2006,25.5,67.7,6.8
Turkey,2010,2007,24.9,68.1,6.9
Turkey,2010,2008,24.4,68.6,7
Turkey,2010,2015,25.45,16.25,54
Turkey,2010,2016,25.08,16.11,54
Turkey,2010,2017,24.68,15.99,54
Turkmenistan,2010,2002,37.3,58.6,4.1
Turkmenistan,2010,2003,36.8,59.2,4.1
Turkmenistan,2010,2004,36.2,59.7,4.1
Turkmenistan,2010,2005,35.7,60.2,4.1
Turkmenistan,2010,2006,35.2,60.7,4.1
Turkmenistan,2010,2007,34.7,60.9,4.4
Turkmenistan,2010,2008,34.2,61.5,4.3
Turkmenistan,2010,2015,26.14,19.66,54
Turkmenistan,2010,2016,25.95,19.04,54
Turkmenistan,2010,2017,25.79,18.39,54
Turks And Caicos Islands,2010,2002,32.6,63.6,3.8
Turks And Caicos Islands,2010,2003,32.5,63.7,3.7
Turks And Caicos Islands,2010,2004,32.5,63.8,3.7
Turks And Caicos Islands,2010,2005,32.5,63.8,3.7
Turks And Caicos Islands,2010,2006,31.9,64.4,3.8
Turks And Caicos Islands,2010,2007,31.3,64.8,3.9
Turks And Caicos Islands,2010,2008,30.7,65.2,4.1
Turks And Caicos Islands,2010,2015,22.01,14.64,54
Turks And Caicos Islands,2010,2016,21.87,14.31,54
Turks And Caicos Islands,2010,2017,21.74,13.99,54
Tuvalu,2010,2002,32.6,62.3,5.1
Tuvalu,2010,2003,31.9,63,5.1
Tuvalu,2010,2004,31.3,63.7,5
Tuvalu,2010,2005,30.8,64.2,5.1
Tuvalu,2010,2006,30.2,64.7,5.1
Tuvalu,2010,2007,29.8,65.2,5
Tuvalu,2010,2008,29.4,65.4,5.2
Tuvalu,2010,2015,29.4,20.27,54
Tuvalu,2010,2016,29.32,19.76,54
Tuvalu,2010,2011,29.32,19.76,54
Tuvalu,2010,2017,29.29,19.26,54
Uganda,2010,2002,50.9,47,2.1
Uganda,2010,2003,50.8,46.8,2.4
Uganda,2010,2004,50.6,47.1,2.4
Uganda,2010,2005,50.1,47.7,2.2
Uganda,2010,2006,50,47.8,2.2
Uganda,2010,2007,50.2,47.6,2.2
Uganda,2010,2008,50,47.8,2.2
Uganda,2010,2015,48.47,21.16,54
Uganda,2010,2016,48.26,21.13,54
Uganda,2010,2017,48.05,21.1,54
Ukraine,2010,2002,16.8,68.7,14.5
Ukraine,2010,2003,16.3,68.7,15
Ukraine,2010,2004,15.9,68.7,15.4
Ukraine,2010,2005,15.6,68.8,15.6
Ukraine,2010,2006,14.1,69.3,16.6
Ukraine,2010,2007,14,69.6,16.3
Ukraine,2010,2008,13.9,70,16.1
Ukraine,2010,2015,15.22,10.85,54
Ukraine,2010,2016,15.51,10.3,54
Ukraine,2010,2017,15.76,9.86,54
United Arab Emirates,2010,2002,27.7,69.7,2.6
United Arab Emirates,2010,2003,26.7,70.4,2.9
United Arab Emirates,2010,2004,25.9,70.9,3.2
United Arab Emirates,2010,2005,25.3,71.1,3.6
United Arab Emirates,2010,2006,24.9,71.2,3.9
United Arab Emirates,2010,2007,20.6,78.5,0.9
United Arab Emirates,2010,2008,20.5,78.6,0.9
United Arab Emirates,2010,2015,20.85,13.57,54
United Arab Emirates,2010,2016,20.94,13.53,54
United Arab Emirates,2010,2017,21.01,13.51,54
United Kingdom,2010,2002,18.7,65.5,15.8
United Kingdom,2010,2003,18.3,66.1,15.6
United Kingdom,2010,2004,18,66.3,15.7
United Kingdom,2010,2005,17.7,66.5,15.8
United Kingdom,2010,2006,17.5,66.8,15.8
United Kingdom,2010,2007,17.2,67,15.8
United Kingdom,2010,2008,16.9,67.1,16
United Kingdom,2010,2015,17.37,12.41,54
United Kingdom,2010,2016,17.44,12.15,54
United Kingdom,2010,2017,17.53,11.9,54
United States,2010,2002,21,66.4,12.6
United States,2010,2003,20.9,66.7,12.4
United States,2010,2004,20.8,66.9,12.4
United States,2010,2005,20.6,67,12.4
United States,2010,2006,20.4,67.2,12.5
United States,2010,2007,20.2,67.2,12.6
United States,2010,2008,20.1,67.1,12.7
United States,2010,2015,18.99,13.64,54
United States,2010,2016,18.84,13.46,54
United States,2010,2017,18.73,13.27,54
Uruguay,2010,2002,24.4,62.6,13
Uruguay,2010,2003,24.3,62.6,13.1
Uruguay,2010,2004,23.5,63.4,13.1
Uruguay,2010,2005,23.2,63.6,13.2
Uruguay,2010,2006,22.9,63.9,13.3
Uruguay,2010,2007,23,63.8,13.2
Uruguay,2010,2008,22.7,64,13.3
Uruguay,2010,2015,20.73,15.89,54
Uruguay,2010,2016,20.44,15.78,54
Uruguay,2010,2017,20.17,15.69,54
Uzbekistan,2010,2002,35.5,59.8,4.7
Uzbekistan,2010,2003,34.7,60.5,4.7
Uzbekistan,2010,2004,34.1,61.1,4.8
Uzbekistan,2010,2005,33.5,61.7,4.8
Uzbekistan,2010,2006,32.9,62.3,4.8
Uzbekistan,2010,2007,32.4,62.8,4.8
Uzbekistan,2010,2008,29,66,5
Uzbekistan,2010,2015,24.56,19.92,54
Uzbekistan,2010,2016,24.22,19.22,54
Uzbekistan,2010,2017,23.88,18.52,54
Vanuatu,2010,2002,35.6,61.1,3.3
Vanuatu,2010,2003,34.8,61.8,3.4
Vanuatu,2010,2004,34.1,62.4,3.5
Vanuatu,2010,2005,33.3,63.1,3.6
Vanuatu,2010,2006,32.6,63.7,3.7
Vanuatu,2010,2007,31.9,64.3,3.8
Vanuatu,2010,2008,31.3,64.8,3.9
Vanuatu,2010,2015,36.71,19.94,54
Vanuatu,2010,2016,36.11,20,54
Vanuatu,2010,2017,35.51,20.02,54
Venezuela,2010,2002,31.6,63.6,4.8
Venezuela,2010,2003,31,64.1,4.9
Venezuela,2010,2004,30.5,64.5,5
Venezuela,2010,2005,29.9,65,5.1
Venezuela,2010,2006,29.1,65.7,5.2
Venezuela,2010,2007,31.6,63.4,5.1
Venezuela,2010,2008,31,63.8,5.1
Venezuela,2010,2015,27.76,18.71,54
Venezuela,2010,2016,27.68,17.27,54
Venezuela,2010,2017,27.36,17.03,54
Vietnam,2010,2002,31.6,62.9,5.5
Vietnam,2010,2003,30.2,64.2,5.6
Vietnam,2010,2004,29.4,65,5.6
Vietnam,2010,2005,27.9,66.4,5.8
Vietnam,2010,2006,27,67.1,5.8
Vietnam,2010,2007,26.3,67.9,5.8
Vietnam,2010,2008,25.6,68.6,5.8
Vietnam,2010,2015,24.1,17.22,54
Vietnam,2010,2016,23.84,16.69,54
Vietnam,2010,2017,23.55,16.23,54
Virgin Islands,2010,2002,26.7,64.2,9.1
Virgin Islands,2010,2003,26,64.4,9.5
Virgin Islands,2010,2004,23.8,66,10.2
Virgin Islands,2010,2005,23.1,66.2,10.7
Virgin Islands,2010,2006,22.4,66.4,11.2
Virgin Islands,2010,2007,21.8,66.5,11.7
Virgin Islands,2010,2008,21,66.2,12.8
Virgin Islands,2010,2015,17.47,9.87,54
Virgin Islands,2010,2016,17.2,9.32,54
Virgin Islands,2010,2017,20.41,11.19,54
Wallis And Futuna,2010,2003,15
Wallis And Futuna,2010,2006,15
Wallis And Futuna,2010,2008,2215
Wallis And Futuna,2010,1999,2215
Wallis And Futuna,2010,2015,22.71,17.41,54
Wallis And Futuna,2010,2016,22.25,16.9,54
Wallis And Futuna,2010,2017,21.83,16.3,54
West Bank,2010,2002,44.4,52,3.6
West Bank,2010,2003,44.1,52.4,3.5
West Bank,2010,2004,43.8,52.8,3.5
West Bank,2010,2005,43.4,53.2,3.4
West Bank,2010,2006,42.9,53.7,3.4
West Bank,2010,2007,42.4,54.2,3.4
West Bank,2010,2008,38,58.3,3.6
West Bank,2010,2015,33.09,21.52,54
West Bank,2010,2016,36.91,21.56,54
West Bank,2010,2017,36.5,21.37,54
Western Sahara,2010,2003,15
Western Sahara,2010,2006,15
Western Sahara,2010,2007,45.4,52.3,2.3
Western Sahara,2010,2008,45.1,52.6,2.3
Western Sahara,2010,2015,37.83,19.63,54
Western Sahara,2010,2016,37.54,19.57,54
Western Sahara,2010,2017,37.24,19.53,54
World,2010,2002,29.2,63.7,7.1
World,2010,2003,29.2,63.7,7.1
World,2010,2004,28.2,64.5,7.2
World,2010,2005,27.8,64.9,7.3
World,2010,2006,27.4,65.2,7.4
World,2010,2007,27.4,65.1,7.5
World,2010,2008,27.3,65.1,284647297
World,2010,2015,25.64,16.34,54
World,2010,2016,25.44,16.16,54
World,2010,2017,25.44,16.16,54
Yemen,2010,2002,47,50.1,2.9
Yemen,2010,2003,46.8,50.4,2.8
Yemen,2010,2004,46.6,50.6,2.8
Yemen,2010,2005,46.5,50.8,2.7
Yemen,2010,2006,46.4,51,2.6
Yemen,2010,2007,46.3,51.1,2.6
Yemen,2010,2008,46.2,51.2,2.6
Yemen,2010,2015,41.09,21.12,54
Yemen,2010,2016,40.48,21.16,54
Yemen,2010,2017,39.83,21.21,54
Zambia,2010,2002,47.1,50.4,2.5
Zambia,2010,2003,46.3,50.9,2.8
Zambia,2010,2004,46.1,51.1,2.8
Zambia,2010,2005,46.5,51.1,2.4
Zambia,2010,2006,46.3,51.3,2.4
Zambia,2010,2007,45.7,51.9,2.4
Zambia,2010,2008,45.4,52.3,2.4
Zambia,2010,2015,46.12,20.02,54
Zambia,2010,2016,46.08,20,54
Zambia,2010,2017,46.03,20,54
Zimbabwe,2010,2002,37.9,58.4,3.7
Zimbabwe,2010,2003,39.7,56.8,3.5
Zimbabwe,2010,2004,39.4,57,3.6
Zimbabwe,2010,2005,39.2,57.1,3.7
Zimbabwe,2010,2006,37.4,59.1,3.5
Zimbabwe,2010,2007,37.2,59.3,3.5
Zimbabwe,2010,2008,43.9,52.3,3.9
Zimbabwe,2010,2015,37.88,21.65,54
Zimbabwe,2010,2016,37.8,21.29,54
Zimbabwe,2010,2017,38.9,20.47,54
European Union,2010,2004,16.3,16.6
European Union,2010,2005,16.03,67.17,16.81
European Union,2010,2006,16.03,67.17,16.81
European Union,2010,2007,15.72,67.16,17.11
European Union,2010,2008,15.7,67.2,17.1
European Union,2010,2015,15.4,11.2,54
European Union,2010,2014,15.4,11.2,54
European Union,2010,2016,15.5,10.9,54
European Union,2010,2017,15.5,10.9,54
Macedonia,2010,2004,21.5,67.8,10.7
Macedonia,2010,2005,20.5,68.7,10.8
Macedonia,2010,2006,20.1,68.9,11
Macedonia,2010,2007,19.8,69.1,11.1
Macedonia,2010,2008,19.5,69.3,11.3
Macedonia,2010,2015,17.48,13.88,54
Macedonia,2010,2016,17.27,13.69,54
Macedonia,2010,2017,17.17,13.41,54
Isle Of Man,2010,2006,17.3,65.7,17
Isle Of Man,2010,2007,17.1,65.8,17.1
Isle Of Man,2010,2008,17,65.9,17.1
Isle Of Man,2010,2015,16.3,11.81,54
Isle Of Man,2010,2016,16.31,11.61,54
Isle Of Man,2010,2017,16.28,11.43,54
Montenegro,2010,2015,15.18,10.27,54
Montenegro,2010,2016,15.13,9.92,54
Montenegro,2010,2017,15.1,9.58,54
Serbia,2010,2015,14.74,11.46,54
Serbia,2010,2016,14.64,11.34,54
Serbia,2010,2017,14.5,11.26,54
Saint Barthelemy,2010,2015,17.36,7.03,54
Saint Barthelemy,2010,2016,16.9,7.09,54
Saint Barthelemy,2010,2017,16.41,7.24,54
Saint Martin,2010,2015,26.51,10.58,54
Saint Martin,2010,2016,26.38,10.43,54
Saint Martin,2010,2017,26.22,10.35,54
Timor-Leste,2010,2007,35.7,61.1,3.2
Timor-Leste,2010,2008,35.1,61.6,3.3
Timor-Leste,2010,2015,41.82,20.02,54
Timor-Leste,2010,2016,41.43,20.11,54
Timor-Leste,2010,2017,40.91,20.32,54
Kosovo,2010,2015,25.82,17.74,54
Kosovo,2010,2016,25.39,17.38,54
Kosovo,2010,2017,25.01,17.22,54
Cabo Verde,2010,2015,30.1,20.99,54
Cabo Verde,2010,2016,29.6,20.56,54
Cabo Verde,2010,2017,29.13,20.11,54
Curacao,2010,2015,20.6,15.4,54
Curacao,2010,2013,20.6,15.4,54
Curacao,2010,2016,20.17,14.46,54
Curacao,2010,2017,20,14.33,54
Czechia,2010,2016,15.09,9.89,54
Czechia,2010,2017,15.16,9.59,54
Saint Helena Ascension And Tristan Da Cunha,2010,2015,16.55,12.06,54
Saint Helena Ascension And Tristan Da Cunha,2010,2016,16.27,12.12,54
Saint Helena Ascension And Tristan Da Cunha,2010,2017,15.97,12.19,54
Sint Maarten,2010,2015,19.7,16.3,54
Sint Maarten,2010,2013,19.7,16.3,54
Sint Maarten,2010,2016,18.45,15.26,54
Sint Maarten,2010,2017,18.43,14.59,54
South Sudan,2010,2015,45.34,20.08,54
South Sudan,2010,2016,44.86,20.32,54
South Sudan,2010,2017,44.37,20.56,54
