Afghanistan,2012,2002,60,20,20
Afghanistan,2012,1990,60,20,20
Afghanistan,2012,2003,60,20,20
Afghanistan,2012,2004,60,20,20
Afghanistan,2012,2005,60,20,20
Afghanistan,2012,2006,38,24,38
Afghanistan,2012,2007,38,24,38
Afghanistan,2012,2008,38,24,38
Afghanistan,2012,2015,24.6,21.8,53.5
Afghanistan,2012,2012,24.6,21.8,53.5
Afghanistan,2012,2016,24,21,55
Afghanistan,2012,2014,24,21,55
Afghanistan,2012,2017,22,22,56
Albania,2012,2002,49,27,24
Albania,2012,2003,49,27,24
Albania,2012,2004,47.5,24.6,27.8
Albania,2012,2005,46.2,25.4,28.4
Albania,2012,2006,23.2,18.8,57.9
Albania,2012,2007,22.3,20.9,56.9
Albania,2012,2008,21.2,20.5,58.3
Albania,2012,2015,22.6,15.1,62.4
Albania,2012,2013,22.6,15.1,62.4
Albania,2012,2016,21.9,14.9,63.3
Albania,2012,2017,23,23.8,53.2
Algeria,2012,2002,17,33,50
Algeria,2012,2000,17,33,50
Algeria,2012,2003,8,60,32
Algeria,2012,2004,10.2,56.5,33.4
Algeria,2012,2005,10.3,57.4,32.3
Algeria,2012,2006,10.1,60,29.8
Algeria,2012,2007,8.4,60.6,31
Algeria,2012,2008,8.2,61.5,30.3
Algeria,2012,2015,8.6,48.3,43.1
Algeria,2012,2014,8.6,48.3,43.1
Algeria,2012,2016,13.1,39,47.9
Algeria,2012,2017,12.9,36.2,50.9
American Samoa,2012,2015,27.4,12.4,60.2
American Samoa,2012,2012,27.4,12.4,60.2
American Samoa,2012,2016,27.4,12.4,60.2
American Samoa,2012,2017,27.4,12.4,60.2
Andorra,2012,2015,14,79,6
Andorra,2012,2011,14,79,6
Andorra,2012,2016,14,79,6
Andorra,2012,2017,11.9,33.6,54.5
Angola,2012,2002,6,70,24
Angola,2012,2000,6,70,24
Angola,2012,2003,8,67,25
Angola,2012,2001,8,67,25
Angola,2012,2004,8,67,25
Angola,2012,2005,8,67,25
Angola,2012,2006,9.6,65.8,24.6
Angola,2012,2007,9.6,65.8,24.6
Angola,2012,2008,9.5,65.8,24.6
Angola,2012,2015,10.2,61.4,28.4
Angola,2012,2011,10.2,61.4,28.4
Angola,2012,2016,10.2,61.4,28.4
Angola,2012,2017,10.2,61.4,28.4
Anguilla,2012,2002,4,18,78
Anguilla,2012,1997,4,18,78
Anguilla,2012,2003,4,18,78
Anguilla,2012,2004,4,18,78
Anguilla,2012,2005,4,18,78
Anguilla,2012,2006,4,18,78
Anguilla,2012,2007,4,18,78
Anguilla,2012,2008,4,18,78
Anguilla,2012,2015,2.6,24.4,73
Anguilla,2012,2014,2.6,24.4,73
Anguilla,2012,2016,2.3,21.1,76.5
Anguilla,2012,2017,2.4,21.3,76.3
Antigua And Barbuda,2012,2002,4,19,77
Antigua And Barbuda,2012,2001,4,19,77
Antigua And Barbuda,2012,2003,3.9,19.2,76.8
Antigua And Barbuda,2012,2004,3.9,19.2,76.8
Antigua And Barbuda,2012,2005,3.9,19.2,76.8
Antigua And Barbuda,2012,2006,3.8,22,74.3
Antigua And Barbuda,2012,2007,3.8,22,74.3
Antigua And Barbuda,2012,2008,3.8,22,74.3
Antigua And Barbuda,2012,2015,1.9,18.5,79.6
Antigua And Barbuda,2012,2014,1.9,18.5,79.6
Antigua And Barbuda,2012,2016,2.3,17.8,79.9
Antigua And Barbuda,2012,2017,2.3,20.2,77.5
Argentina,2012,2002,5,28,66
Argentina,2012,2000,5,28,66
Argentina,2012,2003,5,28,66
Argentina,2012,2004,11.1,34.8,54.1
Argentina,2012,2005,10.6,35.9,53.5
Argentina,2012,2006,9.5,35.8,54.7
Argentina,2012,2007,8.5,35.9,55.6
Argentina,2012,2008,9.5,34,56.5
Argentina,2012,2015,10.4,29.5,60.1
Argentina,2012,2014,10.4,29.5,60.1
Argentina,2012,2016,10.9,29.3,59.7
Argentina,2012,2017,10.6,28.3,61.1
Armenia,2012,2002,29,32,39
Armenia,2012,2000,29,32,39
Armenia,2012,2003,30,26,44
Armenia,2012,2001,30,26,44
Armenia,2012,2004,23.4,35.1,41.5
Armenia,2012,2005,22.9,36.1,41.1
Armenia,2012,2006,23.9,34.3,41.8
Armenia,2012,2007,18.2,38.6,43.2
Armenia,2012,2008,17.2,36.4,46.4
Armenia,2012,2015,21.9,31.5,46.6
Armenia,2012,2014,21.9,31.5,46.6
Armenia,2012,2016,19.4,28.7,51.9
Armenia,2012,2017,17.8,27.5,54.7
Aruba,2012,2007,0.4,33.3,66.3
Aruba,2012,2002,0.4,33.3,66.3
Aruba,2012,2008,0.4,33.3,66.3
Aruba,2012,2015,0.4,33.3,66.3
Aruba,2012,2016,0.4,33.3,66.3
Aruba,2012,2017,0.4,33.3,66.3
Australia,2012,2002,3,26,71
Australia,2012,2001,3,26,71
Australia,2012,2003,3,26,71
Australia,2012,2004,3.5,26.3,70.2
Australia,2012,2005,3.4,28.2,68.4
Australia,2012,2006,3.8,26.2,70
Australia,2012,2007,3.7,26.2,70.1
Australia,2012,2008,3,26.4,70.6
Australia,2012,2015,3.7,28.9,67.4
Australia,2012,2014,3.7,28.9,67.4
Australia,2012,2016,3.6,27.8,68.6
Australia,2012,2017,3.6,26.5,69.9
Austria,2012,2002,2,33,65
Austria,2012,2003,2,33,65
Austria,2012,2004,3.5,25.7,70.9
Austria,2012,2005,2.3,30.8,66.9
Austria,2012,2006,1.8,30.4,67.8
Austria,2012,2007,1.6,30.6,67.8
Austria,2012,2008,1.6,30.3,68
Austria,2012,2015,1.3,28.4,70.2
Austria,2012,2014,1.3,28.4,70.2
Austria,2012,2016,1.3,28.3,70.4
Austria,2012,2017,1.3,28.1,70.6
Azerbaijan,2012,2002,20,33,47
Azerbaijan,2012,2001,20,33,47
Azerbaijan,2012,2003,20,33,47
Azerbaijan,2012,2004,14.1,45.7,40.2
Azerbaijan,2012,2005,14.1,45.7,40.2
Azerbaijan,2012,2006,14.1,45.7,40.2
Azerbaijan,2012,2007,7.5,63.5,28.9
Azerbaijan,2012,2008,6.2,63.3,30.5
Azerbaijan,2012,2015,5.7,61.2,33.2
Azerbaijan,2012,2014,5.7,61.2,33.2
Azerbaijan,2012,2016,6,59.1,34.9
Azerbaijan,2012,2017,6,51.7,42.3
Bahamas The,2012,2002,3,7,90
Bahamas The,2012,1999,3,7,90
Bahamas The,2012,2003,3,7,90
Bahamas The,2012,2004,3,7,90
Bahamas The,2012,2001,3,7,90
Bahamas The,2012,2005,3,7,90
Bahamas The,2012,2006,3,7,90
Bahamas The,2012,2007,3,7,90
Bahamas The,2012,2008,3,7,90
Bahamas The,2012,2015,2.1,7.3,90.6
Bahamas The,2012,2014,2.1,7.3,90.6
Bahamas The,2012,2016,2.2,7.6,90.2
Bahamas The,2012,2017,2.2,7.6,90.1
Bahrain,2012,2002,1,35,64
Bahrain,2012,2001,1,35,64
Bahrain,2012,2003,1,35,64
Bahrain,2012,2004,0.7,42.1,57.2
Bahrain,2012,2005,0.7,41,58.4
Bahrain,2012,2006,0.5,38.7,60.8
Bahrain,2012,2007,0.3,45,54.6
Bahrain,2012,2008,0.3,43.6,56
Bahrain,2012,2015,0.3,47.1,52.6
Bahrain,2012,2014,0.3,47.1,52.6
Bahrain,2012,2016,0.3,38.3,61.4
Bahrain,2012,2017,0.3,37.3,62.3
Bangladesh,2012,2002,30,18,52
Bangladesh,2012,2000,30,18,52
Bangladesh,2012,2003,35,19,46
Bangladesh,2012,2001,35,19,46
Bangladesh,2012,2004,21.7,26.6,51.7
Bangladesh,2012,2005,21.2,27.1,51.7
Bangladesh,2012,2006,19.9,19.8,60.3
Bangladesh,2012,2007,19.7,28,52.3
Bangladesh,2012,2008,19,28.7,52.3
Bangladesh,2012,2015,15.1,26.5,58.3
Bangladesh,2012,2014,15.1,26.5,58.3
Bangladesh,2012,2016,15.5,28.1,56.3
Bangladesh,2012,2017,14.8,28.8,56.5
Barbados,2012,2002,6,16,78
Barbados,2012,2000,6,16,78
Barbados,2012,2003,6,16,78
Barbados,2012,2004,6,16,78
Barbados,2012,2005,6,16,78
Barbados,2012,2006,6,16,78
Barbados,2012,2007,6,16,78
Barbados,2012,2008,6,16,78
Barbados,2012,2015,3.1,12,85
Barbados,2012,2014,3.1,12,85
Barbados,2012,2016,2.8,12.1,85.1
Barbados,2012,2017,1.6,11.3,87.1
Belarus,2012,2002,13,42,45
Belarus,2012,2000,13,42,45
Belarus,2012,2003,15,40,45
Belarus,2012,2004,11.1,36.4,52.5
Belarus,2012,2005,11,36.4,52.6
Belarus,2012,2006,9.3,31.6,59.1
Belarus,2012,2007,9.2,41.7,49.1
Belarus,2012,2008,8.7,40.6,50.6
Belarus,2012,2015,7.3,37,55.7
Belarus,2012,2014,7.3,37,55.7
Belarus,2012,2016,8.9,41.3,49.8
Belarus,2012,2017,8.1,39.6,52.3
Belgium,2012,2002,1,24,74
Belgium,2012,2001,1.3,24.4,74.3
Belgium,2012,2003,1.3,24.4,74.3
Belgium,2012,2004,1.9,26.3,71.8
Belgium,2012,2005,1.3,25.7,73
Belgium,2012,2006,1,24,74.9
Belgium,2012,2007,1,24.3,74.7
Belgium,2012,2008,1.1,24.5,74.4
Belgium,2012,2015,0.8,21.1,78.1
Belgium,2012,2014,0.8,21.1,78.1
Belgium,2012,2016,0.6,21.9,77.4
Belgium,2012,2017,0.7,22.3,77
Belize,2012,2002,18,24,58
Belize,2012,2001,18,24,58
Belize,2012,2003,18,24,58
Belize,2012,2004,22.7,24.5,52.8
Belize,2012,2005,17.7,15,67.3
Belize,2012,2006,14.2,15.2,61.2
Belize,2012,2007,22.5,14.8,62.6
Belize,2012,2008,21.3,13.7,65
Belize,2012,2015,13.1,16,70.9
Belize,2012,2014,13.1,16,70.9
Belize,2012,2016,12.7,15.5,71.8
Belize,2012,2017,9.7,14.3,61.8
Benin,2012,2002,36,14,50
Benin,2012,2001,36,14,50
Benin,2012,2003,38,15,47
Benin,2012,2004,36.4,14.5,49.1
Benin,2012,2005,36.3,14.3,49.4
Benin,2012,2006,31.6,13.8,54.6
Benin,2012,2007,32.8,13.7,53.5
Benin,2012,2008,33.2,14.5,52.3
Benin,2012,2015,31.8,12.3,55.9
Benin,2012,2014,31.8,12.3,55.9
Benin,2012,2016,23.2,24.9,51.9
Benin,2012,2017,25.2,23.2,51.5
Bermuda,2012,2002,1,10,89
Bermuda,2012,1995,1,10,89
Bermuda,2012,2003,1,10,89
Bermuda,2012,2004,1,10,89
Bermuda,2012,2005,1,10,89
Bermuda,2012,2006,1,10,89
Bermuda,2012,2007,1,10,89
Bermuda,2012,2008,1,10,89
Bermuda,2012,2015,0.7,5.2,94.1
Bermuda,2012,2014,0.7,5.2,94.1
Bermuda,2012,2016,0.7,5.8,93.4
Bermuda,2012,2017,0.8,5.8,93.4
Bhutan,2012,2002,45,20,35
Bhutan,2012,2001,45,20,35
Bhutan,2012,2003,45,10,45
Bhutan,2012,2004,45,10,45
Bhutan,2012,2005,45,10,45
Bhutan,2012,2006,25.8,37.9,36.3
Bhutan,2012,2007,24.7,37.2,38.1
Bhutan,2012,2008,22.3,37.9,39.8
Bhutan,2012,2015,14.4,41.6,44
Bhutan,2012,2014,14.4,41.6,44
Bhutan,2012,2016,17.1,42.1,40.9
Bhutan,2012,2017,16.4,42.2,41.4
Bolivia,2012,2002,14,31,55
Bolivia,2012,2000,14,31,55
Bolivia,2012,2003,20,20,60
Bolivia,2012,2004,15,33.2,51.9
Bolivia,2012,2005,13,28,59
Bolivia,2012,2006,12.8,35.2,52
Bolivia,2012,2007,12.6,35.6,51.8
Bolivia,2012,2008,14.5,30.5,55
Bolivia,2012,2015,13.1,38.9,48
Bolivia,2012,2014,13.1,38.9,48
Bolivia,2012,2016,13.5,38.6,53.2
Bolivia,2012,2017,13.4,38.5,53.8
Bosnia And Herzegovina,2012,2002,16,28,56
Bosnia And Herzegovina,2012,1998,16,28,56
Bosnia And Herzegovina,2012,2003,13,40.9,46.1
Bosnia And Herzegovina,2012,2001,13,40.9,46.1
Bosnia And Herzegovina,2012,2004,13,40.9,46.1
Bosnia And Herzegovina,2012,2005,14.2,30.8,55
Bosnia And Herzegovina,2012,2006,14.2,30.8,55
Bosnia And Herzegovina,2012,2007,10.2,23.9,66
Bosnia And Herzegovina,2012,2008,10.2,23.9,66
Bosnia And Herzegovina,2012,2015,8,26.3,65.7
Bosnia And Herzegovina,2012,2014,8,26.3,65.7
Bosnia And Herzegovina,2012,2016,7.9,26.5,65.6
Bosnia And Herzegovina,2012,2017,7.8,26.8,65.4
Botswana,2012,2002,4,44,36
Botswana,2012,2000,4,44,36
Botswana,2012,2003,4,44,36
Botswana,2012,2001,4,44,36
Botswana,2012,2004,4,48.7,36
Botswana,2012,2005,4,44,36
Botswana,2012,2006,2.4,46.9,36
Botswana,2012,2007,1.6,51.5,36
Botswana,2012,2008,1.6,51.5,36
Botswana,2012,2015,1.9,28.7,69.4
Botswana,2012,2014,1.9,28.7,69.4
Botswana,2012,2016,1.9,30.2,67.9
Botswana,2012,2017,1.8,29.4,68.8
Brazil,2012,2002,9,32,59
Brazil,2012,2000,9,32,59
Brazil,2012,2003,8,36,56
Brazil,2012,2001,8,36,56
Brazil,2012,2004,10.2,38.7,51.2
Brazil,2012,2005,10.1,38.6,51.3
Brazil,2012,2006,8.4,40,51.6
Brazil,2012,2007,5.1,30.9,64
Brazil,2012,2008,5.5,28.7,65.8
Brazil,2012,2015,5.8,23.8,70.4
Brazil,2012,2014,5.8,23.8,70.4
Brazil,2012,2016,5.9,22.2,71.9
Brazil,2012,2017,5.8,20.9,73.3
British Virgin Islands,2012,2002,2,6,92
British Virgin Islands,2012,1996,1.8,6.2,92
British Virgin Islands,2012,2003,1.8,6.2,92
British Virgin Islands,2012,2004,1.8,6.2,92
British Virgin Islands,2012,2005,1.8,6.2,92
British Virgin Islands,2012,2006,1.8,6.2,92
British Virgin Islands,2012,2007,1.8,6.2,92
British Virgin Islands,2012,2008,1.8,6.2,92
British Virgin Islands,2012,2015,1.1,12,86.9
British Virgin Islands,2012,2014,1.1,12,86.9
British Virgin Islands,2012,2016,1,11.1,87.9
British Virgin Islands,2012,2017,1,11.2,87.8
Brunei,2012,2002,5,45,50
Brunei,2012,2001,5,45,50
Brunei,2012,2003,5,45,50
Brunei,2012,2004,5,45,50
Brunei,2012,2005,5,45,50
Brunei,2012,2006,3.6,56.1,40.3
Brunei,2012,2007,0.9,71.6,27.5
Brunei,2012,2008,0.9,71.6,27.5
Brunei,2012,2015,0.8,66.5,32.8
Brunei,2012,2014,0.8,66.5,32.8
Brunei,2012,2016,1.1,60.2,38.7
Brunei,2012,2017,1.2,56.5,42.4
Bulgaria,2012,2002,14,29,58
Bulgaria,2012,2001,13.7,28.5,57.9
Bulgaria,2012,2003,13.7,28.5,57.9
Bulgaria,2012,2004,11.4,30,58.6
Bulgaria,2012,2005,11.5,30.1,58.4
Bulgaria,2012,2006,9.3,30.4,60.3
Bulgaria,2012,2007,8.5,31.5,60
Bulgaria,2012,2008,6.2,32.3,61.5
Bulgaria,2012,2015,4.9,31.2,63.9
Bulgaria,2012,2014,4.9,31.2,63.9
Bulgaria,2012,2016,5.1,27.6,67.2
Bulgaria,2012,2017,4.4,28,67.6
Burkina Faso,2012,2002,31,28,41
Burkina Faso,2012,2000,31,28,41
Burkina Faso,2012,2003,35,17,48
Burkina Faso,2012,2001,35,17,48
Burkina Faso,2012,2004,39.8,19.6,40.5
Burkina Faso,2012,2005,39.5,19.3,41.3
Burkina Faso,2012,2006,32.2,19.6,48.2
Burkina Faso,2012,2007,30,19,51
Burkina Faso,2012,2008,29.7,19.4,50.9
Burkina Faso,2012,2015,38,22,40
Burkina Faso,2012,2014,38,22,40
Burkina Faso,2012,2016,32.9,21.9,45.2
Burkina Faso,2012,2017,32.6,22.2,45.2
Burma,2012,2002,42,17,41
Burma,2012,2000,42,17,41
Burma,2012,2003,60,9,31
Burma,2012,2004,57.2,9.6,33.1
Burma,2012,2005,56.6,8.8,34.5
Burma,2012,2006,56.4,8.2,35.3
Burma,2012,2007,54.7,10.6,34.7
Burma,2012,2008,42.4,18.9,38.7
Burma,2012,2015,37.1,21.3,41.6
Burma,2012,2014,37.1,21.3,41.6
Burma,2012,2016,27.4,26.5,46
Burma,2012,2017,25.6,34.7,39.6
Burundi,2012,2002,50,18,32
Burundi,2012,2001,50,18,32
Burundi,2012,2003,50,19,31
Burundi,2012,2004,47.4,19.3,33.3
Burundi,2012,2005,48.1,19,32.9
Burundi,2012,2006,46.3,20.3,33.4
Burundi,2012,2007,44.9,20.9,34.1
Burundi,2012,2008,33.7,20.9,45.4
Burundi,2012,2015,40.3,17.1,42.5
Burundi,2012,2014,40.3,17.1,42.5
Burundi,2012,2016,42.9,16.7,40.4
Burundi,2012,2017,39.8,16.6,43.7
Cambodia,2012,2002,50,15,35
Cambodia,2012,2000,50,15,35
Cambodia,2012,2003,40,20,40
Cambodia,2012,2001,40,20,40
Cambodia,2012,2004,35,30,35
Cambodia,2012,2005,35,30,35
Cambodia,2012,2006,35,30,35
Cambodia,2012,2007,35.1,26.2,38.6
Cambodia,2012,2008,31,26,43
Cambodia,2012,2015,32.7,25.5,41.8
Cambodia,2012,2014,32.7,25.5,41.8
Cambodia,2012,2016,28.2,29.4,42.3
Cambodia,2012,2017,26.7,31.7,41.6
Cameroon,2012,2002,44,20,36
Cameroon,2012,2000,44,20,36
Cameroon,2012,2003,46,21,33
Cameroon,2012,2001,46,21,33
Cameroon,2012,2004,42.6,19.8,37.6
Cameroon,2012,2005,43.7,20.1,36.2
Cameroon,2012,2006,44.8,17,38.2
Cameroon,2012,2007,44.3,15.7,40
Cameroon,2012,2008,43.9,15.8,40.3
Cameroon,2012,2015,19.9,27.6,52.5
Cameroon,2012,2014,19.9,27.6,52.5
Cameroon,2012,2016,21.6,30.6,47.7
Cameroon,2012,2017,23,28.2,48.8
Canada,2012,2002,2,27,71
Canada,2012,2001,2.3,26.5,71.2
Canada,2012,2003,2.3,26.5,71.2
Canada,2012,2004,2.2,29.2,68.6
Canada,2012,2005,2.3,26.4,71.3
Canada,2012,2006,2.2,29.4,68.4
Canada,2012,2007,2.1,29,68.9
Canada,2012,2008,2.1,28.8,69.1
Canada,2012,2015,1.7,28.2,70.1
Canada,2012,2014,1.7,28.2,70.1
Canada,2012,2016,1.6,28.2,70.3
Canada,2012,2017,1.7,27.5,70.8
Cape Verde,2012,2002,11,17,72
Cape Verde,2012,2001,11,17,72
Cape Verde,2012,2003,11,17,72
Cape Verde,2012,2004,10,16.5,62.8
Cape Verde,2012,2005,12.1,21.9,66
Cape Verde,2012,2006,12.1,21.9,66
Cape Verde,2012,2007,9.6,16.6,73.8
Cape Verde,2012,2008,9.3,16.7,74
Cayman Islands,2012,2002,1,3,95
Cayman Islands,2012,1994,1.4,3.2,95.4
Cayman Islands,2012,2003,1.4,3.2,95.4
Cayman Islands,2012,2004,1.4,3.2,95.4
Cayman Islands,2012,2005,1.4,3.2,95.4
Cayman Islands,2012,2006,1.4,3.2,95.4
Cayman Islands,2012,2007,1.4,3.2,95.4
Cayman Islands,2012,2008,1.4,3.2,95.4
Cayman Islands,2012,2015,0.3,28.4,71.3
Cayman Islands,2012,2014,0.3,28.4,71.3
Cayman Islands,2012,2016,0.3,7.2,92.6
Cayman Islands,2012,2017,0.3,7.5,91.4
Central African Republic,2012,2002,55,20,25
Central African Republic,2012,2001,55,20,25
Central African Republic,2012,2003,55,20,25
Central African Republic,2012,2004,55,20,25
Central African Republic,2012,2005,55,20,25
Central African Republic,2012,2006,55,20,25
Central African Republic,2012,2007,55,20,25
Central African Republic,2012,2008,55,20,25
Central African Republic,2012,2015,55.1,12.5,32.3
Central African Republic,2012,2014,55.1,12.5,32.3
Central African Republic,2012,2016,58.3,11.9,29.8
Central African Republic,2012,2017,42.9,16,41.1
Chad,2012,2002,38,13,49
Chad,2012,2001,38,13,49
Chad,2012,2003,38,13,49
Chad,2012,2004,32.4,18.8,48.8
Chad,2012,2005,22.6,35.6,41.7
Chad,2012,2006,33.5,25.9,40.6
Chad,2012,2007,22.7,47,30.3
Chad,2012,2008,21.5,47.8,30.6
Chad,2012,2015,54.3,13.2,32.4
Chad,2012,2014,54.3,13.2,32.4
Chad,2012,2016,53.2,13.6,33.1
Chad,2012,2017,57.8,13.9,28.3
Chile,2012,2002,8,38,54
Chile,2012,2000,8,38,54
Chile,2012,2003,11,34,56
Chile,2012,2001,11,34,56
Chile,2012,2004,6.4,38.6,55.1
Chile,2012,2005,6.3,38.2,55.5
Chile,2012,2006,6,49.3,44.7
Chile,2012,2007,5.1,49.8,45.2
Chile,2012,2008,4.8,51.2,44
Chile,2012,2015,3.5,35.5,61.1
Chile,2012,2014,3.5,35.5,61.1
Chile,2012,2016,3.9,32.9,63.2
Chile,2012,2017,4.3,31.3,64.4
China,2012,2002,18,49,33
China,2012,2001,15.2,51.2,33.6
China,2012,2003,15.2,51.2,33.6
China,2012,2004,14.8,52.9,32.3
China,2012,2005,13.8,52.9,33.3
China,2012,2006,12.5,47.3,40.3
China,2012,2007,11.7,48.9,39.3
China,2012,2008,11.3,48.6,40.1
China,2012,2015,9.2,42.6,48.2
China,2012,2014,9.2,42.6,48.2
China,2012,2016,8.9,40.9,50.2
China,2012,2017,8.6,39.8,51.6
Colombia,2012,2002,19,26,55
Colombia,2012,2001,13,30,57
Colombia,2012,2003,13,30,57
Colombia,2012,2004,13.7,32.1,54.2
Colombia,2012,2005,13.4,32.1,54.5
Colombia,2012,2006,12.5,34.2,53.3
Colombia,2012,2007,12,35.6,52.4
Colombia,2012,2008,11.5,36,52.5
Colombia,2012,2015,6.1,37.3,56.6
Colombia,2012,2014,6.1,37.3,56.6
Colombia,2012,2016,6.8,34,59.2
Colombia,2012,2017,7.1,32.6,60.3
Comoros,2012,2002,40,4,56
Comoros,2012,2001,40,4,56
Comoros,2012,2003,40,4,56
Comoros,2012,2004,40,4,56
Comoros,2012,2005,40,4,56
Comoros,2012,2006,40,4,56
Comoros,2012,2007,40,4,56
Comoros,2012,2008,40,4,56
Comoros,2012,2015,50.4,13.7,35.9
Comoros,2012,2014,50.4,13.7,35.9
Comoros,2012,2016,49.6,12.2,38.2
Comoros,2012,2017,49.7,11.9,38.4
Congo Democratic Republic Of The,2012,2002,54,9,37
Congo Democratic Republic Of The,2012,1999,54,9,37
Congo Democratic Republic Of The,2012,2003,55,11,34
Congo Democratic Republic Of The,2012,2000,55,11,34
Congo Democratic Republic Of The,2012,2004,55,11,34
Congo Democratic Republic Of The,2012,2005,55,11,34
Congo Democratic Republic Of The,2012,2006,55,11,34
Congo Democratic Republic Of The,2012,2007,55,11,34
Congo Democratic Republic Of The,2012,2008,55,11,34
Congo Democratic Republic Of The,2012,2015,40.4,23,36.6
Congo Democratic Republic Of The,2012,2014,40.4,23,36.6
Congo Democratic Republic Of The,2012,2016,20.4,32.9,46.6
Congo Democratic Republic Of The,2012,2017,21.1,32.7,46.3
Congo Republic Of The,2012,2002,10,48,42
Congo Republic Of The,2012,2001,10,48,42
Congo Republic Of The,2012,2003,10,48,42
Congo Republic Of The,2012,2004,6.9,53.9,39.2
Congo Republic Of The,2012,2005,7.4,52,40.6
Congo Republic Of The,2012,2006,6.2,57,36.9
Congo Republic Of The,2012,2007,5.6,57.1,37.3
Congo Republic Of The,2012,2008,5.6,57.1,37.3
Congo Republic Of The,2012,2015,3.3,74.4,22.3
Congo Republic Of The,2012,2014,3.3,74.4,22.3
Congo Republic Of The,2012,2016,4.9,69.3,25.8
Congo Republic Of The,2012,2017,8.7,50.2,41.1
Cook Islands,2012,2002,17,8,75
Cook Islands,2012,2000,15.1,9.6,75.3
Cook Islands,2012,2003,17,7.8,75.2
Cook Islands,2012,2004,17,7.8,75.2
Cook Islands,2012,2005,17,7.8,75.2
Cook Islands,2012,2006,15.1,9.6,75.3
Cook Islands,2012,2007,15.1,9.6,75.3
Cook Islands,2012,2008,15.1,9.6,75.3
Cook Islands,2012,2015,5.1,12.7,82.1
Cook Islands,2012,2010,5.1,12.7,82.1
Cook Islands,2012,2016,5.1,12.7,82.1
Cook Islands,2012,2017,5.1,12.7,82.1
Costa Rica,2012,2002,11,37,52
Costa Rica,2012,2000,11,37,52
Costa Rica,2012,2003,9,30,61
Costa Rica,2012,2004,8.5,29.4,62.1
Costa Rica,2012,2005,8.5,29.7,61.8
Costa Rica,2012,2006,8.8,29.9,61.4
Costa Rica,2012,2007,8.7,28.9,62.4
Costa Rica,2012,2008,8.6,29.4,62.1
Costa Rica,2012,2015,6,20.5,73.4
Costa Rica,2012,2014,6,20.5,73.4
Costa Rica,2012,2016,5.6,19.2,75.2
Costa Rica,2012,2017,5.5,21.5,73
Cote D'Ivoire,2012,2002,28,29,43
Cote D'Ivoire,2012,2000,28,29,43
Cote D'Ivoire,2012,2003,29,22,49
Cote D'Ivoire,2012,2001,29,22,49
Cote D'Ivoire,2012,2004,36.6,19.9,43.5
Cote D'Ivoire,2012,2005,27.8,19.4,52.8
Cote D'Ivoire,2012,2006,27.9,17.1,55
Cote D'Ivoire,2012,2007,27.7,22.2,50.1
Cote D'Ivoire,2012,2008,28.1,21.5,50.5
Cote D'Ivoire,2012,2015,25.9,21.9,52.1
Cote D'Ivoire,2012,2014,25.9,21.9,52.1
Cote D'Ivoire,2012,2016,18.9,19.4,61.8
Cote D'Ivoire,2012,2017,19.5,28.3,52.2
Croatia,2012,2002,9,33,58
Croatia,2012,2003,9,33,58
Croatia,2012,2004,7.9,30,62.1
Croatia,2012,2005,8.2,30.1,61.7
Croatia,2012,2006,7,30.8,62.2
Croatia,2012,2007,7.4,31.8,60.8
Croatia,2012,2008,7.2,31.7,61.2
Croatia,2012,2015,4.5,26.6,68.9
Croatia,2012,2014,4.5,26.6,68.9
Croatia,2012,2016,4.3,26.2,69.5
Croatia,2012,2017,4.1,26.5,69.4
Cuba,2012,2003,7.6,34.5,57.9
Cuba,2012,2000,7.6,34.5,57.9
Cuba,2012,2004,5.5,26.9,67.6
Cuba,2012,2005,6.6,25.5,67.9
Cuba,2012,2006,5.5,26.1,68.4
Cuba,2012,2007,4,24.8,71.2
Cuba,2012,2008,5.2,25,69.8
Cuba,2012,2015,3.8,14.3,81.9
Cuba,2012,2013,3.8,14.3,81.9
Cuba,2012,2016,4,24.6,71.5
Cuba,2012,2017,3.9,22,74.8
Cyprus,2012,2008,2.7,19.2,78
Cyprus,2012,2007,2.7,19.2,78
Cyprus,2012,2015,2.9,10.5,86.6
Cyprus,2012,2016,2.4,10.5,87.1
Cyprus,2012,2017,2.3,11,86.7
Czech Republic,2012,2002,4,41,56
Czech Republic,2012,2001,3.8,41,55.2
Czech Republic,2012,2003,3.8,41,55.2
Czech Republic,2012,2004,3.1,35.5,61.4
Czech Republic,2012,2005,3.4,39.3,57.3
Czech Republic,2012,2006,3.4,39.3,57.3
Czech Republic,2012,2007,2.7,39.1,58.2
Czech Republic,2012,2008,2.7,38.7,58.6
Czech Republic,2012,2015,2.6,37.4,60
Czech Republic,2012,2014,2.6,37.4,60
Denmark,2012,2002,3,26,71
Denmark,2012,2003,3,26,71
Denmark,2012,2004,2,22.1,75.9
Denmark,2012,2005,2.2,25.5,72.3
Denmark,2012,2006,1.8,24.6,73.5
Denmark,2012,2007,1.6,26.1,72.2
Denmark,2012,2008,1.3,25.7,73
Denmark,2012,2015,1.3,21.2,77.5
Denmark,2012,2014,1.3,21.2,77.5
Denmark,2012,2016,1.1,23.3,75.7
Denmark,2012,2017,1.1,23.6,75.3
Djibouti,2012,2002,3,10,87
Djibouti,2012,2001,17.9,22.5,59.6
Djibouti,2012,2003,3.5,15.8,80.7
Djibouti,2012,2004,3.5,15.8,80.7
Djibouti,2012,2005,3.5,15.8,80.7
Djibouti,2012,2006,17.9,22.5,59.6
Djibouti,2012,2007,17.9,22.5,59.6
Djibouti,2012,2008,3.2,14.9,81.9
Djibouti,2012,2015,2.9,16.6,80.5
Djibouti,2012,2014,2.9,16.6,80.5
Djibouti,2012,2016,3.1,21.2,75.7
Djibouti,2012,2017,2.9,20.8,76.3
Dominica,2012,2002,18,23,59
Dominica,2012,2001,18,23,59
Dominica,2012,2003,18,24,58
Dominica,2012,2004,18,24,58
Dominica,2012,2005,18,24,58
Dominica,2012,2006,17.7,32.8,49.5
Dominica,2012,2007,17.7,32.8,49.5
Dominica,2012,2008,17.7,32.8,49.5
Dominica,2012,2015,14.8,14.1,71.1
Dominica,2012,2014,14.8,14.1,71.1
Dominica,2012,2016,16.5,15.5,68
Dominica,2012,2017,14.7,13.4,71.9
Dominican Republic,2012,2002,11,34,55
Dominican Republic,2012,2000,11,34,55
Dominican Republic,2012,2003,11,34,55
Dominican Republic,2012,2001,11,34,55
Dominican Republic,2012,2004,10.7,31.5,57.8
Dominican Republic,2012,2005,10.7,31.5,57.8
Dominican Republic,2012,2006,11.2,30.6,58.2
Dominican Republic,2012,2007,11.6,28.6,59.8
Dominican Republic,2012,2008,11.7,23.8,64.4
Dominican Republic,2012,2015,6.3,32.1,61.6
Dominican Republic,2012,2014,6.3,32.1,61.6
Dominican Republic,2012,2016,5.3,33.2,61.5
Dominican Republic,2012,2017,5.5,33.4,61.1
East Timor,2012,2002,25,17,57
East Timor,2012,2001,8.5,23.1,68.4
East Timor,2012,2003,25.4,17.2,57.4
East Timor,2012,2004,25.4,17.2,57.4
East Timor,2012,2005,25.4,17.2,57.4
East Timor,2012,2006,8.5,23.1,68.4
Ecuador,2012,2002,11,25,64
Ecuador,2012,2000,11,25,64
Ecuador,2012,2003,11,33,56
Ecuador,2012,2001,11,33,56
Ecuador,2012,2004,8.7,29.7,61.6
Ecuador,2012,2005,8.7,30.5,60.9
Ecuador,2012,2006,7,31.2,61.8
Ecuador,2012,2007,6.1,35.3,58.6
Ecuador,2012,2008,6.7,35.1,58.2
Ecuador,2012,2015,6,34.4,59.6
Ecuador,2012,2014,6,34.4,59.6
Ecuador,2012,2016,6.1,34.1,59.7
Ecuador,2012,2017,6.4,33.8,59.7
Egypt,2012,2002,14,30,56
Egypt,2012,2001,17,34,49
Egypt,2012,2003,17,34,49
Egypt,2012,2004,17,33,50
Egypt,2012,2005,17.2,33,49.8
Egypt,2012,2006,14.9,35.7,49.3
Egypt,2012,2007,14.1,38.4,47.5
Egypt,2012,2008,13.8,38.1,48
Egypt,2012,2015,14.6,38.9,46.5
Egypt,2012,2014,14.6,38.9,46.5
Egypt,2012,2016,11.2,36.3,52.5
Egypt,2012,2017,11.9,32.9,55.2
El Salvador,2012,2002,10,30,60
El Salvador,2012,2000,10,30,60
El Salvador,2012,2003,10,30,60
El Salvador,2012,2001,10,30,60
El Salvador,2012,2004,9.4,31.2,59.3
El Salvador,2012,2005,9.2,31.1,59.7
El Salvador,2012,2006,9.9,30.2,59.9
El Salvador,2012,2007,10.1,29.9,60
El Salvador,2012,2008,10.8,30.8,58.4
El Salvador,2012,2015,10,25.1,64.9
El Salvador,2012,2014,10,25.1,64.9
El Salvador,2012,2016,10.5,25.1,64.4
El Salvador,2012,2017,10.6,24.6,64.8
Equatorial Guinea,2012,2002,20,60,20
Equatorial Guinea,2012,1999,20,60,20
Equatorial Guinea,2012,2003,20,60,20
Equatorial Guinea,2012,2004,20,60,2.4
Equatorial Guinea,2012,2005,3,95.7,1.3
Equatorial Guinea,2012,2006,3,90.6,6.2
Equatorial Guinea,2012,2007,3.1,92,4.8
Equatorial Guinea,2012,2008,2.9,92.2,4.8
Equatorial Guinea,2012,2015,5.1,85.7,9.2
Equatorial Guinea,2012,2014,5.1,85.7,9.2
Equatorial Guinea,2012,2016,8,77.1,14.8
Equatorial Guinea,2012,2017,2.3,57.2,40.5
Eritrea,2012,2002,17,29,54
Eritrea,2012,2001,17,29,54
Eritrea,2012,2003,17,29,54
Eritrea,2012,2004,12.4,25.3,62.4
Eritrea,2012,2005,12.4,25.9,61.7
Eritrea,2012,2006,10.2,25.4,64.3
Eritrea,2012,2007,21.9,22.6,55.5
Eritrea,2012,2008,17.5,23.2,59.3
Eritrea,2012,2015,11.6,28.1,60.2
Eritrea,2012,2014,11.6,28.1,60.2
Eritrea,2012,2016,12.5,27.5,60
Eritrea,2012,2017,12.1,29.5,58.5
Estonia,2012,2002,6,29,66
Estonia,2012,2001,5.8,28.6,65.6
Estonia,2012,2003,5.8,28.6,65.6
Estonia,2012,2004,4.9,30.3,64.8
Estonia,2012,2005,4.1,28.9,67
Estonia,2012,2006,4,29.4,66.6
Estonia,2012,2007,3.2,29.1,67.8
Estonia,2012,2008,3,28.5,68.5
Estonia,2012,2015,3.6,29.2,67.2
Estonia,2012,2014,3.6,29.2,67.2
Estonia,2012,2016,3.5,27.7,68.8
Estonia,2012,2017,3.4,27.9,68.7
Ethiopia,2012,2002,52,11,37
Ethiopia,2012,2000,52,11,37
Ethiopia,2012,2003,52,11,37
Ethiopia,2012,2001,52,11,37
Ethiopia,2012,2004,46,12.6,41.4
Ethiopia,2012,2005,47,12.4,40.6
Ethiopia,2012,2006,47.5,9.9,42.6
Ethiopia,2012,2007,48.3,13,38.7
Ethiopia,2012,2008,47,13.2,39.8
Ethiopia,2012,2015,47.7,10.4,41.9
Ethiopia,2012,2014,47.7,10.4,41.9
Ethiopia,2012,2016,40.5,16.2,43.3
Ethiopia,2012,2017,37.2,21.3,41.5
Falkland Islands (Islas Malvinas),2012,2006,95
Falkland Islands (Islas Malvinas),2012,2007,95
Falkland Islands (Islas Malvinas),2012,1996,95
Falkland Islands (Islas Malvinas),2012,2008,95
Falkland Islands (Islas Malvinas),2012,2015,95
Falkland Islands (Islas Malvinas),2012,2016,95
Falkland Islands (Islas Malvinas),2012,2017,95
Faroe Islands,2012,2002,27,11,62
Faroe Islands,2012,1999,27,11,62
Faroe Islands,2012,2003,27,11,62
Faroe Islands,2012,2004,27,11,62
Faroe Islands,2012,2005,27,11,62
Faroe Islands,2012,2006,27,11,62
Faroe Islands,2012,2007,27,11,62
Faroe Islands,2012,2008,27,11,62
Faroe Islands,2012,2015,16,29,55
Faroe Islands,2012,2016,16,29,55
Faroe Islands,2012,2017,18,39,43
Faroe Islands,2012,2013,18,39,43
Fiji,2012,2002,17,25,58
Fiji,2012,2000,17,25,58
Fiji,2012,2003,17,25,58
Fiji,2012,2004,16.6,22.4,61
Fiji,2012,2001,8.9,13.5,77.6
Fiji,2012,2005,16.6,22.4,61
Fiji,2012,2006,8.9,13.5,77.6
Fiji,2012,2007,8.9,13.5,77.6
Fiji,2012,2008,8.9,13.5,77.6
Fiji,2012,2015,12.7,18.2,69.1
Fiji,2012,2014,12.7,18.2,69.1
Fiji,2012,2016,11,18.4,70.6
Fiji,2012,2017,10.7,18,71.3
Finland,2012,2002,4,34,62
Finland,2012,2003,4,34,62
Finland,2012,2004,4.3,32.7,62.9
Finland,2012,2005,3.3,30.2,66.5
Finland,2012,2006,2.8,29.5,67.6
Finland,2012,2007,2.5,32.3,65.1
Finland,2012,2008,3.1,32.6,64.3
Finland,2012,2015,2.7,27,70.3
Finland,2012,2014,2.7,27,70.3
Finland,2012,2016,2.5,26.8,70.6
Finland,2012,2017,2.7,27.1,70.2
France,2012,2002,3,26,71
France,2012,2003,3,26,71
France,2012,2004,2.7,24.4,72.9
France,2012,2005,2.7,24.3,73
France,2012,2006,2.2,21.4,76.4
France,2012,2007,2,20.7,77.2
France,2012,2008,2.2,20.6,77.2
France,2012,2015,1.7,19.4,78.9
France,2012,2014,1.7,19.4,78.9
France,2012,2016,1.7,19.5,78.8
France,2012,2017,1.6,19.6,78.8
French Polynesia,2012,2002,6,18,76
French Polynesia,2012,1997,6,18,76
French Polynesia,2012,2003,6,18,76
French Polynesia,2012,2004,6,18,76
French Polynesia,2012,2005,4,18,78
French Polynesia,2012,2006,3.1,19,76.9
French Polynesia,2012,2007,3.1,19,76.9
French Polynesia,2012,2008,3.1,19,77.8
French Polynesia,2012,2015,2.5,13,84.5
French Polynesia,2012,2009,2.5,13,84.5
French Polynesia,2012,2016,2.5,13,84.5
French Polynesia,2012,2017,2.5,13,84.5
Gabon,2012,2002,10,60,30
Gabon,2012,1999,10,60,30
Gabon,2012,2003,15,60,25
Gabon,2012,2001,15,60,25
Gabon,2012,2004,8.1,48.8,43.1
Gabon,2012,2005,7.4,46.7,45.9
Gabon,2012,2006,6.1,59.2,34.8
Gabon,2012,2007,6,58.4,35.6
Gabon,2012,2008,6.1,58,35.9
Gabon,2012,2015,3.7,61.7,34.6
Gabon,2012,2014,3.7,61.7,34.6
Gabon,2012,2016,4.7,52.8,42.5
Gabon,2012,2017,4.3,44.2,51.4
Gambia The,2012,2002,21,12,67
Gambia The,2012,1998,21,12,67
Gambia The,2012,2003,33,13,54
Gambia The,2012,1999,33,13,54
Gambia The,2012,2004,46.8,9.3,43.8
Gambia The,2012,2005,26.8,14.5,58.7
Gambia The,2012,2006,30.8,14.2,54.9
Gambia The,2012,2007,32.9,9.6,57.5
Gambia The,2012,2008,32.8,8.7,58.5
Gambia The,2012,2015,22.8,11.8,65.5
Gambia The,2012,2014,22.8,11.8,65.5
Gambia The,2012,2016,21.6,15.8,62.6
Gambia The,2012,2017,21,13.8,65.2
Gaza Strip,2012,2002,9,28,63
Gaza Strip,2012,1999,9,28,63
Gaza Strip,2012,2004,9,28,63
Gaza Strip,2012,2005,9,28,63
Gaza Strip,2012,2006,3,28.3,68.7
Gaza Strip,2012,2007,8,18.2,73.9
Gaza Strip,2012,2008,8,13,79
Gaza Strip,2012,2015,5.7,16.9,77.4
Gaza Strip,2012,2014,4.7,13.7,81.6
Gaza Strip,2012,2016,4.7,13.7,81.6
Gaza Strip,2012,2017,2.9,20.9,62.7
Georgia,2012,2002,20,25,55
Georgia,2012,2003,20,25,55
Georgia,2012,2004,20.5,22.6,56.9
Georgia,2012,2005,20.5,22.6,56.9
Georgia,2012,2006,17.2,27.5,55.3
Georgia,2012,2007,15,28.3,56.7
Georgia,2012,2008,13,28.7,58.3
Georgia,2012,2015,9.1,21.8,69.1
Georgia,2012,2014,9.1,21.8,69.1
Georgia,2012,2016,9.2,22.1,68.7
Georgia,2012,2017,9.3,22.8,67.2
Germany,2012,2002,1,31,68
Germany,2012,2003,1,31,68
Germany,2012,2004,1,31,68
Germany,2012,2005,1,31,68
Germany,2012,2006,0.9,29.6,69.5
Germany,2012,2007,1,30,69.1
Germany,2012,2008,0.9,30.1,69
Germany,2012,2015,0.9,30.8,68.4
Germany,2012,2014,0.9,30.8,68.4
Germany,2012,2016,0.6,30.4,69.1
Germany,2012,2017,0.6,30.3,69.1
Ghana,2012,2002,36,25,39
Ghana,2012,2000,36,25,39
Ghana,2012,2003,36,25,39
Ghana,2012,2004,35.4,25.4,39.2
Ghana,2012,2005,34.3,24.2,41.4
Ghana,2012,2006,36.6,24.6,38.7
Ghana,2012,2007,37.3,25.3,37.5
Ghana,2012,2008,37.3,25.3,37.5
Ghana,2012,2015,22,28.4,49.6
Ghana,2012,2014,22,28.4,49.6
Ghana,2012,2016,20.7,27.7,51.6
Ghana,2012,2017,19.7,25.3,59.4
Gibraltar,2012,2015,0,0,100
Gibraltar,2012,2008,0,0,100
Gibraltar,2012,2016,0,0,100
Gibraltar,2012,2017,0,0,100
Greece,2012,2002,9,22,70
Greece,2012,2000,9,22,70
Greece,2012,2003,8.1,22.3,69.3
Greece,2012,2004,6.7,22,71.2
Greece,2012,2005,7,22,71
Greece,2012,2006,5.4,21.3,73.3
Greece,2012,2007,3.3,20.8,75.9
Greece,2012,2008,3.6,24.5,71.9
Greece,2012,2015,3.5,15.9,80.6
Greece,2012,2014,3.5,15.9,80.6
Greece,2012,2016,4,15.2,80.8
Greece,2012,2017,4,15.8,80.2
Greenland,2012,2015,13.9,19.2,67
Greenland,2012,2012,13.9,19.2,67
Greenland,2012,2016,13.9,19.2,67
Greenland,2012,2017,15.9,10.1,73.9
Grenada,2012,2002,8,24,68
Grenada,2012,2000,5.4,18,76.6
Grenada,2012,2003,7.7,23.9,68.4
Grenada,2012,2004,7.7,23.9,68.4
Grenada,2012,2005,7.7,23.9,68.4
Grenada,2012,2006,5.4,18,76.6
Grenada,2012,2007,5.4,18,76.6
Grenada,2012,2008,5.4,18,76.6
Grenada,2012,2015,5.9,11,83.2
Grenada,2012,2014,5.9,11,83.2
Grenada,2012,2016,9.4,13.9,76.7
Grenada,2012,2017,9,14.6,76.5
Guadeloupe,2012,2002,15,17,68
Guadeloupe,2012,1997,15,17,68
Guadeloupe,2012,2003,15,17,68
Guadeloupe,2012,2004,15,17,68
Guadeloupe,2012,2005,15,17,68
Guadeloupe,2012,2006,15,17,68
Guam,2012,2002,15
Guam,2012,1993,15
Guam,2012,2003,7,15,78
Guam,2012,2004,7,15,78
Guam,2012,2005,7,15,78
Guatemala,2012,2002,23,20,57
Guatemala,2012,2000,23,20,57
Guatemala,2012,2003,23,20,57
Guatemala,2012,2001,23,20,57
Guatemala,2012,2004,22.5,18.9,58.5
Guatemala,2012,2005,22.7,19.5,57.9
Guatemala,2012,2006,22.7,18.8,58.5
Guatemala,2012,2007,22.2,19.1,58.7
Guatemala,2012,2008,13.3,25.8,60.9
Guatemala,2012,2015,13.3,23.5,63.2
Guatemala,2012,2014,13.3,23.5,63.2
Guatemala,2012,2016,13.2,23.6,62.9
Guatemala,2012,2017,13.2,23.6,62.8
Guernsey,2012,2002,3,10,87
Guernsey,2012,2000,3,10,87
Guernsey,2012,2003,3,10,87
Guernsey,2012,2004,3,10,87
Guernsey,2012,2005,3,10,87
Guernsey,2012,2006,3,10,87
Guernsey,2012,2007,3,10,87
Guernsey,2012,2008,3,10,87
Guernsey,2012,2015,3,10,87
Guernsey,2012,2016,3,10,87
Guernsey,2012,2017,3,10,87
Guinea,2012,2002,24,38,38
Guinea,2012,2000,24,38,38
Guinea,2012,2003,25,37,38
Guinea,2012,2001,25,37,38
Guinea,2012,2004,24.9,38.2,36.9
Guinea,2012,2005,25,38.2,36.8
Guinea,2012,2006,23.7,36.2,40.1
Guinea,2012,2007,23.2,38.2,38.6
Guinea,2012,2008,23.8,38.6,37.6
Guinea,2012,2015,20.2,44.5,35.3
Guinea,2012,2014,20.2,44.5,35.3
Guinea,2012,2016,19.5,36.8,43.8
Guinea,2012,2017,19.9,37.6,42.5
Guinea-Bissau,2012,2002,54,15,31
Guinea-Bissau,2012,1997,54,15,31
Guinea-Bissau,2012,2003,62,12,26
Guinea-Bissau,2012,1999,62,12,26
Guinea-Bissau,2012,2004,62,12,26
Guinea-Bissau,2012,2005,62,12,26
Guinea-Bissau,2012,2006,62,12,26
Guinea-Bissau,2012,2007,62,12,26
Guinea-Bissau,2012,2008,62,12,26
Guinea-Bissau,2012,2015,45,7.5,47.5
Guinea-Bissau,2012,2014,45,7.5,47.5
Guinea-Bissau,2012,2016,45,13.3,41.7
Guinea-Bissau,2012,2017,44.7,13.2,42.1
Guyana,2012,2002,36,32,32
Guyana,2012,2000,36,32,32
Guyana,2012,2003,35,21,44
Guyana,2012,2004,37.2,22.7,40.1
Guyana,2012,2005,38.3,19.9,41.8
Guyana,2012,2006,37,20.3,42.7
Guyana,2012,2007,34.9,19.4,45.7
Guyana,2012,2008,31.1,21.7,47.1
Guyana,2012,2015,20.3,39.2,40.5
Guyana,2012,2014,20.3,39.2,40.5
Guyana,2012,2016,20.7,30.9,48.4
Guyana,2012,2017,17.4,35.9,46.8
Haiti,2012,2002,30,20,50
Haiti,2012,2001,30,20,50
Haiti,2012,2003,30,20,50
Haiti,2012,2004,30,20,50
Haiti,2012,2005,30,20,50
Haiti,2012,2006,28,20,52
Haiti,2012,2007,28,20,52
Haiti,2012,2008,28,20,52
Haiti,2012,2015,24.7,20,55.3
Haiti,2012,2014,24.7,20,55.3
Haiti,2012,2016,22.2,20.4,57.4
Haiti,2012,2017,22.2,20.3,57.5
Honduras,2012,2002,18,32,50
Honduras,2012,2000,18,32,50
Honduras,2012,2003,14,32,54
Honduras,2012,2004,12.8,31.9,55.3
Honduras,2012,2005,12.7,32.1,55.3
Honduras,2012,2006,13.9,31.2,54.9
Honduras,2012,2007,13.8,31.1,55.1
Honduras,2012,2008,13.4,28.1,58.6
Honduras,2012,2015,14,27.4,58.7
Honduras,2012,2014,14,27.4,58.7
Honduras,2012,2016,13.9,26.6,59.5
Honduras,2012,2017,13.5,28.2,58.3
Hong Kong,2012,2002,0,14,86
Hong Kong,2012,1999,0,14,86
Hong Kong,2012,2003,0.1,13.4,86.5
Hong Kong,2012,2001,0.1,13.4,86.5
Hong Kong,2012,2004,0.1,12.1,87.9
Hong Kong,2012,2005,0.1,11.3,88.6
Hong Kong,2012,2006,0.1,9.2,90.6
Hong Kong,2012,2007,0.1,8.6,91.3
Hong Kong,2012,2008,0.1,8.1,91.7
Hong Kong,2012,2015,0.1,6.6,93.3
Hong Kong,2012,2014,0.1,6.6,93.3
Hong Kong,2012,2016,0.1,7.1,92.8
Hong Kong,2012,2017,0.1,7.2,92.8
Hungary,2012,2002,4,34,62
Hungary,2012,2000,4.1,33.8,62.1
Hungary,2012,2003,4.1,33.8,62.1
Hungary,2012,2004,3.3,32.5,64.2
Hungary,2012,2005,3.3,31.4,65.3
Hungary,2012,2006,3.7,31.2,65.1
Hungary,2012,2007,3.4,31.5,65.1
Hungary,2012,2008,2.8,31.5,65.8
Hungary,2012,2015,3.4,31.1,65.5
Hungary,2012,2014,3.4,31.1,65.5
Hungary,2012,2016,3.6,31.8,64.6
Hungary,2012,2017,4.5,30.4,65.1
Iceland,2012,2002,14,12,21
Iceland,2012,2001,14,12,21
Iceland,2012,2003,14,12,21
Iceland,2012,2004,9.2,12,26.7
Iceland,2012,2005,11.2,9.6,79.2
Iceland,2012,2006,8.6,15,76.5
Iceland,2012,2007,5.6,25,69.4
Iceland,2012,2008,5.2,25.7,69.1
Iceland,2012,2015,6,22.4,71.7
Iceland,2012,2014,6,22.4,71.7
Iceland,2012,2016,5.8,20.7,73.5
Iceland,2012,2017,5.8,20.2,74
India,2012,2002,25,25,50
India,2012,2003,25,25,50
India,2012,2004,23.6,28.4,48
India,2012,2005,23.6,28.4,48
India,2012,2006,18.6,27.6,53.8
India,2012,2007,17.5,27.9,54.6
India,2012,2008,17.8,29.4,52.8
India,2012,2015,17.9,24.2,57.9
India,2012,2014,17,29.7,45
India,2012,2016,17,29.7,45
India,2012,2017,17.4,28.8,46.2
Indonesia,2012,2002,17,41,42
Indonesia,2012,2001,17,41,42
Indonesia,2012,2003,17,41,42
Indonesia,2012,2004,16.6,43.6,39.9
Indonesia,2012,2005,14.6,45,40.4
Indonesia,2012,2006,13.4,45.8,40.8
Indonesia,2012,2007,12.9,47,40.1
Indonesia,2012,2008,13.8,46.7,39.4
Indonesia,2012,2015,14.2,45.5,40.3
Indonesia,2012,2014,14.2,45.5,40.3
Indonesia,2012,2016,14,41.3,44.7
Indonesia,2012,2017,14,40.8,45.3
Iran,2012,2002,19,26,55
Iran,2012,2003,19,26,55
Iran,2012,2004,12.5,41.2,46.2
Iran,2012,2005,11.2,40.9,48.7
Iran,2012,2006,11.6,42.4,46
Iran,2012,2007,11,44.9,44.1
Iran,2012,2008,10.7,42.9,46.5
Iran,2012,2015,9.1,40.7,50.3
Iran,2012,2014,9.1,40.7,50.3
Iran,2012,2016,9.2,38.8,51.9
Iran,2012,2017,9.8,34.3,55.9
Iraq,2012,2002,6,13,81
Iraq,2012,1993,6,13,81
Iraq,2012,2003,6,13,81
Iraq,2012,2004,6,13,81
Iraq,2012,2005,13.6,58.6,27.8
Iraq,2012,2006,7.3,66.6,26.1
Iraq,2012,2007,7.3,66.6,26.1
Iraq,2012,2008,5,68,27
Iraq,2012,2015,3.3,64.5,32.2
Iraq,2012,2014,3.3,64.5,32.2
Iraq,2012,2016,5.3,48.8,45.9
Iraq,2012,2017,5.1,37.3,57.7
Ireland,2012,2002,4,36,60
Ireland,2012,2001,4,36,60
Ireland,2012,2003,5,46,49
Ireland,2012,2004,5,46,49
Ireland,2012,2005,5,46,49
Ireland,2012,2006,5,46,49
Ireland,2012,2007,5,46,49
Ireland,2012,2008,5,46,49
Ireland,2012,2015,1.6,27,71.4
Ireland,2012,2014,1.6,27,71.4
Ireland,2012,2016,1.5,24.9,73.5
Ireland,2012,2017,1,39.3,59.7
Israel,2012,2002,3,30,67
Israel,2012,2001,3,30,67
Israel,2012,2003,3,30,67
Israel,2012,2004,2.8,37.7,59.5
Israel,2012,2005,2.8,37.7,59.5
Israel,2012,2006,2.6,31.7,65.7
Israel,2012,2007,2.5,30.3,67.2
Israel,2012,2008,2.7,30.2,67.1
Israel,2012,2015,2.4,25.7,71.9
Israel,2012,2014,2.4,25.7,71.9
Israel,2012,2016,2.1,27.2,69.1
Israel,2012,2017,2.3,26.4,69.6
Italy,2012,2002,2,30,68
Italy,2012,2001,2.4,30,67.6
Italy,2012,2003,2.4,30,67.6
Italy,2012,2004,2.2,28.9,68.9
Italy,2012,2005,2.3,28.8,68.9
Italy,2012,2006,2.1,29.1,68.8
Italy,2012,2007,1.9,28.9,69.2
Italy,2012,2008,2,27,70.9
Italy,2012,2015,2.2,23.9,73.9
Italy,2012,2014,2.2,23.9,73.9
Italy,2012,2016,2.3,23.7,74
Italy,2012,2017,2.1,24.1,73.8
Jamaica,2012,2002,7,28,65
Jamaica,2012,2000,7,28,65
Jamaica,2012,2003,6,31,63
Jamaica,2012,2004,6.7,37.2,56.2
Jamaica,2012,2005,6.1,32.7,61.3
Jamaica,2012,2006,4.9,33.7,61.5
Jamaica,2012,2007,5.4,33.8,60.8
Jamaica,2012,2008,5.1,32.7,62.2
Jamaica,2012,2015,6.9,21.1,72
Jamaica,2012,2014,6.9,21.1,72
Jamaica,2012,2016,6.6,21.2,72.2
Jamaica,2012,2017,7.2,21.3,71.4
Japan,2012,2002,1,31,68
Japan,2012,2001,1.4,30.9,67.7
Japan,2012,2003,1.4,30.9,67.7
Japan,2012,2004,1.3,25.4,73.3
Japan,2012,2005,1.3,24.7,74.1
Japan,2012,2006,1.7,25.8,72.5
Japan,2012,2007,1.5,25.6,73
Japan,2012,2008,1.4,26.5,72
Japan,2012,2015,1.2,24.5,74.3
Japan,2012,2013,1.2,24.5,74.3
Japan,2012,2016,1.2,27.5,71.3
Japan,2012,2017,1.1,29.6,69.4
Jersey,2012,2002,5,2,93
Jersey,2012,1996,5,2,93
Jersey,2012,2003,5,2,93
Jersey,2012,2004,5,2,93
Jersey,2012,2005,5,2,93
Jersey,2012,2006,5,2,93
Jersey,2012,2007,1,2,97
Jersey,2012,2008,1,2,97
Jersey,2012,2015,2,2,96
Jersey,2012,2010,2,2,96
Jersey,2012,2016,2,2,96
Jersey,2012,2017,2,2,96
Jordan,2012,2002,4,26,70
Jordan,2012,2001,3.7,26,70.3
Jordan,2012,2003,3.7,26,70.3
Jordan,2012,2004,3.6,29,67.4
Jordan,2012,2005,2.4,26,71.5
Jordan,2012,2006,3.3,28.7,68
Jordan,2012,2007,3.9,10.3,85.8
Jordan,2012,2008,3.5,10.3,86.2
Jordan,2012,2015,3.2,29.3,67.4
Jordan,2012,2014,3.2,29.3,67.4
Jordan,2012,2016,4.2,29.6,66.2
Jordan,2012,2017,4.3,28.9,66.8
Kazakhstan,2012,2002,10,30,60
Kazakhstan,2012,2000,10,30,60
Kazakhstan,2012,2003,9,40,51
Kazakhstan,2012,2004,7.7,37.7,54.6
Kazakhstan,2012,2005,7.4,37.8,54.8
Kazakhstan,2012,2006,6.7,38.6,54.7
Kazakhstan,2012,2007,5.7,39.8,54.4
Kazakhstan,2012,2008,5.8,39.4,54.8
Kazakhstan,2012,2015,4.9,29.5,65.6
Kazakhstan,2012,2014,4.9,29.5,65.6
Kazakhstan,2012,2016,5,32.5,62.5
Kazakhstan,2012,2017,4.8,33.9,61.3
Kenya,2012,2002,24,13,63
Kenya,2012,2000,24,13,63
Kenya,2012,2003,24,13,63
Kenya,2012,2001,24,13,63
Kenya,2012,2004,19.7,18.6,61.8
Kenya,2012,2005,19.3,18.5,62.4
Kenya,2012,2006,16.3,18.8,65.1
Kenya,2012,2007,24,16.7,59.2
Kenya,2012,2008,23.8,16.7,59.5
Kenya,2012,2015,29.3,17.7,53
Kenya,2012,2014,29.3,17.7,53
Kenya,2012,2016,32.9,17.8,49.2
Kenya,2012,2017,35.6,17.2,47.3
Kiribati,2012,2002,30,7,63
Kiribati,2012,1998,8.9,24.2,66.8
Kiribati,2012,2003,30,7,63
Kiribati,2012,2004,30,7,63
Kiribati,2012,2005,30,7,63
Kiribati,2012,2006,8.9,24.2,66.8
Kiribati,2012,2007,8.9,24.2,66.8
Kiribati,2012,2008,8.9,24.2,66.8
Kiribati,2012,2015,26.3,9.2,64.5
Kiribati,2012,2012,26.3,9.2,64.5
Kiribati,2012,2016,26.3,9.2,64.5
Kiribati,2012,2017,26.3,9.2,64.5
Korea North,2012,2002,30,32,37
Korea North,2012,2000,30.4,32.3,37.3
Korea North,2012,2003,30.4,32.3,37.3
Korea North,2012,2004,30.2,33.8,36
Korea North,2012,2005,30.2,33.8,36
Korea North,2012,2006,30,34,36
Korea North,2012,2007,30,34,36
Korea North,2012,2008,23.3,43.1,33.6
Korea North,2012,2015,22.4,47.6,30
Korea North,2012,2013,22.4,47.6,30
Korea North,2012,2016,25.2,40.9,33.9
Korea North,2012,2017,25.3,41.1,33.6
Korea South,2012,2002,4,42,54
Korea South,2012,2003,4.4,41.6,54
Korea South,2012,2001,4.4,41.6,54
Korea South,2012,2004,3.6,36.4,60
Korea South,2012,2005,3.2,40.4,56.3
Korea South,2012,2006,3.3,40.3,56.3
Korea South,2012,2007,3.2,39.6,57.2
Korea South,2012,2008,3,39.4,57.6
Korea South,2012,2015,2.3,38.3,59.4
Korea South,2012,2014,2.3,38.3,59.4
Korea South,2012,2016,2.3,38,59.7
Korea South,2012,2017,2.2,38.6,59.2
Kuwait,2012,2002,60,40,0
Kuwait,2012,2000,60,39.7,0.3
Kuwait,2012,2003,60,39.7,0.3
Kuwait,2012,2004,0.4,59.5,40
Kuwait,2012,2005,0.4,60.5,39.1
Kuwait,2012,2006,0.4,47.9,51.6
Kuwait,2012,2007,0.4,56.9,42.8
Kuwait,2012,2008,0.3,52.4,47.3
Kuwait,2012,2015,0.3,49.4,50.2
Kuwait,2012,2014,0.3,49.4,50.2
Kuwait,2012,2016,0.4,59.7,39.9
Kuwait,2012,2017,0.4,59.6,40
Kyrgyzstan,2012,2002,38,27,35
Kyrgyzstan,2012,2000,38,27,35
Kyrgyzstan,2012,2003,35,25,40
Kyrgyzstan,2012,2004,38.7,22.9,38.4
Kyrgyzstan,2012,2005,38.5,22.8,38.7
Kyrgyzstan,2012,2006,35.3,20.8,43.9
Kyrgyzstan,2012,2007,33,20.1,46.9
Kyrgyzstan,2012,2008,33.6,18.9,47.5
Kyrgyzstan,2012,2015,19.3,31.1,49.6
Kyrgyzstan,2012,2014,19.3,31.1,49.6
Kyrgyzstan,2012,2016,17.7,26,56.3
Kyrgyzstan,2012,2017,14.9,29.2,55.9
Laos,2012,2002,53,22,25
Laos,2012,2000,53,22,25
Laos,2012,2003,53,23,24
Laos,2012,2001,53,23,24
Laos,2012,2004,49.4,24.5,26.1
Laos,2012,2005,49.5,27.5,23
Laos,2012,2006,45.5,28.7,25.8
Laos,2012,2007,42.7,31,26.2
Laos,2012,2008,40.9,33.2,25.9
Laos,2012,2015,23.7,32.2,44.1
Laos,2012,2014,23.7,32.2,44.1
Laos,2012,2016,22.2,32.4,38.7
Laos,2012,2017,21.6,32.8,38.9
Latvia,2012,2002,5,26,70
Latvia,2012,2001,4.5,26,69.5
Latvia,2012,2003,4.5,26,69.5
Latvia,2012,2004,4.5,24.5,70.9
Latvia,2012,2005,4.4,24.8,70.8
Latvia,2012,2006,4,26.1,69.9
Latvia,2012,2007,3.7,21.5,74.8
Latvia,2012,2008,3.3,22,74.7
Latvia,2012,2015,4.8,24.8,70.4
Latvia,2012,2014,4.8,24.8,70.4
Latvia,2012,2016,3.3,23,73.8
Latvia,2012,2017,3.2,21.9,74.9
Lebanon,2012,2002,12,21,67
Lebanon,2012,2000,12,21,67
Lebanon,2012,2003,12,21,67
Lebanon,2012,2004,12,21,67
Lebanon,2012,2005,12,21,67
Lebanon,2012,2006,12,21,67
Lebanon,2012,2007,5.1,18.4,76.5
Lebanon,2012,2008,5.2,19.5,75.4
Lebanon,2012,2015,6.3,21.1,72.6
Lebanon,2012,2014,6.3,21.1,72.6
Lebanon,2012,2016,5.6,24.9,69.5
Lebanon,2012,2017,5.7,21,73.3
Lesotho,2012,2002,18,38,44
Lesotho,2012,2001,20,46,34
Lesotho,2012,2003,20,46,34
Lesotho,2012,2004,15.3,43.3,41.4
Lesotho,2012,2005,15.2,43.9,40.9
Lesotho,2012,2006,16.3,44.3,39.4
Lesotho,2012,2007,18.2,40.8,41
Lesotho,2012,2008,15.2,45,39.7
Lesotho,2012,2015,7.5,35.7,56.9
Lesotho,2012,2014,7.5,35.7,56.9
Lesotho,2012,2016,7.7,31.6,60.7
Lesotho,2012,2017,5.4,33.1,61.5
Liberia,2012,2002,60,10,30
Liberia,2012,2001,74,7,19
Liberia,2012,2003,74,7,19
Liberia,2012,2004,76.9,5.4,17.7
Liberia,2012,2005,76.9,5.4,17.7
Liberia,2012,2006,76.9,5.4,17.7
Liberia,2012,2007,76.9,5.4,17.7
Liberia,2012,2008,76.9,5.4,17.7
Liberia,2012,2015,38.8,16.4,44.7
Liberia,2012,2012,38.8,16.4,44.7
Liberia,2012,2016,35.2,14.4,50.4
Liberia,2012,2017,36,10.4,53.5
Libya,2012,2002,7,47,46
Libya,2012,1997,7,47,46
Libya,2012,2003,9,45,46
Libya,2012,2001,9,45,46
Libya,2012,2004,8.6,46.1,45.3
Libya,2012,2005,8.7,45.7,45.6
Libya,2012,2006,7.6,49.9,42.5
Libya,2012,2007,2.2,79.5,18.3
Libya,2012,2008,2,83.1,14.8
Libya,2012,2015,2,45.8,52.2
Libya,2012,2014,2,45.8,52.2
Libya,2012,2016,1.9,43.1,54.9
Libya,2012,2017,1.7,38.2,60.1
Liechtenstein,2012,2002,40
Liechtenstein,2012,1999,6,39,55
Liechtenstein,2012,2003,40
Liechtenstein,2012,2004,40
Liechtenstein,2012,2005,40
Liechtenstein,2012,2006,6,39,55
Liechtenstein,2012,2007,6,39,55
Liechtenstein,2012,2001,6,39,55
Liechtenstein,2012,2008,6,39,55
Liechtenstein,2012,2015,8,37,55
Liechtenstein,2012,2009,8,37,55
Liechtenstein,2012,2016,8,37,55
Liechtenstein,2012,2017,7,41,52
Liechtenstein,2012,2014,7,41,52
Lithuania,2012,2002,8,31,61
Lithuania,2012,2001,8,31,61
Lithuania,2012,2003,8,31,61
Lithuania,2012,2004,6.1,31.3,62.6
Lithuania,2012,2005,6.1,33.4,60.5
Lithuania,2012,2006,5.5,32.5,62
Lithuania,2012,2007,5.5,35,59.6
Lithuania,2012,2008,5.3,33.3,61.4
Lithuania,2012,2015,3.7,28.2,68.1
Lithuania,2012,2014,3.7,28.2,68.1
Lithuania,2012,2016,3.2,30.2,66.6
Lithuania,2012,2017,3.3,28.7,68.1
Luxembourg,2012,2002,1,30,69
Luxembourg,2012,2000,1,30,69
Luxembourg,2012,2003,1,30,69
Luxembourg,2012,2004,0.5,16.6,82.9
Luxembourg,2012,2005,0.5,16.3,83.1
Luxembourg,2012,2006,1,13,86
Luxembourg,2012,2007,1,13,86
Luxembourg,2012,2008,1,13,86
Luxembourg,2012,2015,0.3,12,87.7
Luxembourg,2012,2014,0.3,12,87.7
Luxembourg,2012,2016,0.2,11.3,88.5
Luxembourg,2012,2017,0.2,12.3,87.4
Macau,2012,2002,1,25,74
Macau,2012,2000,1,25,74
Macau,2012,2003,1,12,87
Macau,2012,2004,1,12,87
Macau,2012,2005,0.1,7.2,92.7
Macau,2012,2006,0.1,7.2,92.7
Macau,2012,2007,0.1,7.2,92.7
Macau,2012,2008,0.1,3.9,96
Macau,2012,2015,0,5.9,94.1
Macau,2012,2014,0,5.9,94.1
Macau,2012,2016,0,10.2,89.8
Macau,2012,2013,0,10.2,89.8
Macau,2012,2017,0,12.2,87.8
Macedonia The Former Yugoslav Republic Of,2012,2002,11,31,58
Macedonia The Former Yugoslav Republic Of,2012,2001,11,31,58
Macedonia The Former Yugoslav Republic Of,2012,2003,11,31,58
Madagascar,2012,2002,34,11,55
Madagascar,2012,1999,34,11,55
Madagascar,2012,2003,25,12,63
Madagascar,2012,2001,25,12,63
Madagascar,2012,2004,34.5,7.8,57.7
Madagascar,2012,2005,29.3,16.7,54
Madagascar,2012,2006,27.6,16.5,55.9
Madagascar,2012,2007,28.2,16.3,55.5
Madagascar,2012,2008,26.8,15.8,57.4
Madagascar,2012,2015,28.1,17.4,54.5
Madagascar,2012,2014,28.1,17.4,54.5
Madagascar,2012,2016,25.8,16.1,58.1
Madagascar,2012,2017,24,15.7,60.2
Malawi,2012,2002,40,19,41
Malawi,2012,2000,40,19,41
Malawi,2012,2003,37,16,47
Malawi,2012,2001,37,16,47
Malawi,2012,2004,51,21.8,27.2
Malawi,2012,2005,54.8,19.2,26
Malawi,2012,2006,34.2,15.8,49.9
Malawi,2012,2007,36.1,18.8,45.1
Malawi,2012,2008,37.8,18.1,44.1
Malawi,2012,2015,30.1,18.5,51.3
Malawi,2012,2014,30.1,18.5,51.3
Malawi,2012,2016,32.7,17.2,50.1
Malawi,2012,2017,28.3,16,55.8
Malaysia,2012,2002,12,40,48
Malaysia,2012,2001,12,40,48
Malaysia,2012,2003,12,40,48
Malaysia,2012,2004,7.3,33.5,59.1
Malaysia,2012,2005,7.2,33.6,59.1
Malaysia,2012,2006,8.4,48,43.6
Malaysia,2012,2007,8.8,47.1,44.1
Malaysia,2012,2008,9.9,45.3,44.8
Malaysia,2012,2015,9.3,34.7,56
Malaysia,2012,2014,9.3,34.7,56
Malaysia,2012,2016,8.5,37.7,53.8
Malaysia,2012,2017,8.7,37,54.4
Maldives,2012,2002,20,18,62
Maldives,2012,2000,20,18,62
Maldives,2012,2003,20,18,62
Maldives,2012,2004,20,18,62
Maldives,2012,2005,20,18,62
Maldives,2012,2006,20,18,62
Maldives,2012,2007,16,7,77
Maldives,2012,2008,16,7,77
Maldives,2012,2015,4,23,73
Maldives,2012,2012,4,23,73
Maldives,2012,2016,3.5,19.3,77.2
Maldives,2012,2014,3.5,19.3,77.2
Maldives,2012,2017,3,16,81
Mali,2012,2002,45,17,38
Mali,2012,2001,45,17,38
Mali,2012,2003,45,17,38
Mali,2012,2004,45,17,38
Mali,2012,2005,45,17,38
Mali,2012,2006,45,17,38
Mali,2012,2007,45,17,38
Mali,2012,2008,45,17,38
Mali,2012,2015,38,23.3,38.7
Mali,2012,2014,38,23.3,38.7
Mali,2012,2016,41,19.3,39.8
Mali,2012,2017,40.7,19,40.2
Malta,2012,2002,3,26,72
Malta,2012,1999,2.8,25.5,71.7
Malta,2012,2003,2.8,25.5,71.7
Malta,2012,2004,3,23,74
Malta,2012,2005,3,23,74
Malta,2012,2006,3,23,74
Malta,2012,2007,2.7,22.3,74.9
Malta,2012,2008,2.7,22.3,74.9
Malta,2012,2015,1.1,23.7,75.2
Malta,2012,2014,1.1,23.7,75.2
Malta,2012,2016,1.4,11.4,87.2
Malta,2012,2017,1.3,10.6,88.1
Man Isle Of,2012,2002,1,13,86
Man Isle Of,2012,2000,1,13,86
Man Isle Of,2012,2003,1,13,86
Man Isle Of,2012,2004,1,13,86
Man Isle Of,2012,2005,1,13,86
Marshall Islands,2012,2002,14,16,70
Marshall Islands,2012,2000,31.7,14.9,53.4
Marshall Islands,2012,2003,14,16,70
Marshall Islands,2012,2004,14,16,70
Marshall Islands,2012,2005,14,16,70
Marshall Islands,2012,2006,31.7,14.9,53.4
Marshall Islands,2012,2007,31.7,14.9,53.4
Marshall Islands,2012,2008,31.7,14.9,53.4
Marshall Islands,2012,2015,4.4,9.9,85.7
Marshall Islands,2012,2013,4.4,9.9,85.7
Marshall Islands,2012,2016,4.4,9.9,85.7
Marshall Islands,2012,2017,4.4,9.9,85.7
Martinique,2012,2002,6,11,83
Martinique,2012,1997,6,11,83
Martinique,2012,2003,6,11,83
Martinique,2012,2004,6,11,83
Martinique,2012,2005,6,11,83
Martinique,2012,2006,6,11,83
Mauritania,2012,2002,25,29,46
Mauritania,2012,2001,25,29,46
Mauritania,2012,2003,25,29,46
Mauritania,2012,2004,25,29,46
Mauritania,2012,2005,25,29,46
Mauritania,2012,2006,25,29,46
Mauritania,2012,2007,25,29,46
Mauritania,2012,2008,25,29,46
Mauritania,2012,2015,17.1,48.7,34.2
Mauritania,2012,2014,17.1,48.7,34.2
Mauritania,2012,2016,23.7,35.8,40.5
Mauritania,2012,2017,21.9,38.4,39.7
Mauritius,2012,2002,6,33,61
Mauritius,2012,1999,6,33,61
Mauritius,2012,2003,6,33,61
Mauritius,2012,2004,6.1,30.3,63.6
Mauritius,2012,2005,7.6,30,62.4
Mauritius,2012,2006,5.9,29.8,64.3
Mauritius,2012,2007,5.2,25.2,69.6
Mauritius,2012,2008,4.8,25,70.1
Mauritius,2012,2015,4.5,22.4,73.2
Mauritius,2012,2014,4.5,22.4,73.2
Mauritius,2012,2016,4,22.3,73.7
Mauritius,2012,2017,4.1,21.9,74
Mexico,2012,2002,5,26,69
Mexico,2012,2001,5,26,69
Mexico,2012,2003,5,26,69
Mexico,2012,2004,4,26.4,69.6
Mexico,2012,2005,4,27.2,68.9
Mexico,2012,2006,3.8,25.9,70.2
Mexico,2012,2007,3.9,26.7,69.4
Mexico,2012,2008,4,26.6,69.5
Mexico,2012,2015,3.5,36.4,60.1
Mexico,2012,2014,3.5,36.4,60.1
Mexico,2012,2016,3.6,32.8,63.6
Mexico,2012,2017,3.8,32.2,63.4
Micronesia Federated States Of,2012,2002,50,4,46
Micronesia Federated States Of,2012,2000,28.9,15.2,55.9
Micronesia Federated States Of,2012,2003,50,4,46
Micronesia Federated States Of,2012,2004,50,4,46
Micronesia Federated States Of,2012,2005,50,4,46
Micronesia Federated States Of,2012,2006,28.9,15.2,55.9
Micronesia Federated States Of,2012,2007,28.9,15.2,55.9
Micronesia Federated States Of,2012,2008,28.9,15.2,55.9
Micronesia Federated States Of,2012,2015,26.3,18.9,54.8
Micronesia Federated States Of,2012,2013,26.3,18.9,54.8
Micronesia Federated States Of,2012,2016,26.3,18.9,54.8
Micronesia Federated States Of,2012,2017,26.3,18.9,54.8
Moldova,2012,2002,28,23,49
Moldova,2012,2000,28,23,49
Moldova,2012,2003,28,23,49
Moldova,2012,2004,21,27,52
Moldova,2012,2005,22.4,24.8,52.8
Moldova,2012,2006,21.3,23.3,55.5
Moldova,2012,2007,21.5,22,56.5
Moldova,2012,2008,17.8,21.7,60.5
Moldova,2012,2015,15.7,20,64.3
Moldova,2012,2014,15.7,20,64.3
Moldova,2012,2016,14.1,21.1,64.7
Moldova,2012,2017,14.3,20.9,64.8
Monaco,2012,2005,17
Monaco,2012,2001,17
Monaco,2012,2006,17
Monaco,2012,2007,0,4.9,95.1
Monaco,2012,2008,0,4.9,95.1
Monaco,2012,2015,0,14,86
Monaco,2012,2013,0,14,86
Monaco,2012,2016,0,14,86
Monaco,2012,2017,0,14,86
Mongolia,2012,2002,32,30,38
Mongolia,2012,2000,32,30,38
Mongolia,2012,2003,32,23,45
Mongolia,2012,2001,32,23,45
Mongolia,2012,2004,20.6,21.4,58
Mongolia,2012,2005,20.6,21.4,58
Mongolia,2012,2006,20.6,21.4,58
Mongolia,2012,2007,21.7,27.9,50.4
Mongolia,2012,2008,18.8,40.4,40.8
Mongolia,2012,2015,12.2,35,52.8
Mongolia,2012,2014,12.2,35,52.8
Mongolia,2012,2016,14.9,34.1,51.1
Mongolia,2012,2017,13.3,35.3,51.4
Montserrat,2012,2002,5,14,81
Montserrat,2012,1996,5.4,13.6,81
Montserrat,2012,2003,5.4,13.6,81
Montserrat,2012,2004,5.4,13.6,81
Montserrat,2012,2005,5.4,13.6,81
Montserrat,2012,2006,5.4,13.6,81
Montserrat,2012,2007,1.2,23.1,75.7
Montserrat,2012,1999,1.2,23.1,75.7
Montserrat,2012,2008,1.2,23.1,75.7
Montserrat,2012,2015,1.6,21.9,76.6
Montserrat,2012,2014,1.6,21.9,76.6
Montserrat,2012,2016,1.6,21.7,76.7
Montserrat,2012,2017,1.6,21.8,76.6
Morocco,2012,2002,15,33,52
Morocco,2012,2000,15,33,52
Morocco,2012,2003,15,33,52
Morocco,2012,2004,22.9,35.5,41.5
Morocco,2012,2005,21.2,35.8,43
Morocco,2012,2006,21.7,35.7,42.6
Morocco,2012,2007,17.3,37,45.7
Morocco,2012,2008,13.8,38.4,47.8
Morocco,2012,2015,14,24.9,61.1
Morocco,2012,2014,14,24.9,61.1
Morocco,2012,2016,14.5,29.2,56.3
Morocco,2012,2017,13.6,29.5,56.8
Mozambique,2012,2002,33,25,42
Mozambique,2012,2000,33,25,42
Mozambique,2012,2003,22,23,55
Mozambique,2012,2001,22,23,55
Mozambique,2012,2004,20.1,27.3,52.7
Mozambique,2012,2005,21.1,32.1,46.9
Mozambique,2012,2006,26.2,34.8,39
Mozambique,2012,2007,22.8,29.5,47.7
Mozambique,2012,2008,23,30.1,46.9
Mozambique,2012,2015,28.9,24,47.1
Mozambique,2012,2014,28.9,24,47.1
Mozambique,2012,2016,25.5,20.1,54.4
Mozambique,2012,2017,24.8,21.6,53.6
Namibia,2012,2002,11,28,61
Namibia,2012,2000,11,28,61
Namibia,2012,2003,11,28,61
Namibia,2012,2001,11,28,61
Namibia,2012,2004,11.5,29.8,58.7
Namibia,2012,2005,11.3,30.8,57.9
Namibia,2012,2006,9.7,31.5,58.8
Namibia,2012,2007,10.9,30.6,58.5
Namibia,2012,2008,10.6,35.4,53.9
Namibia,2012,2015,6.2,30,63.7
Namibia,2012,2014,6.2,30,63.7
Namibia,2012,2016,5.9,29,65.1
Namibia,2012,2017,6.2,25.9,67.9
Nauru,2012,2015,6.1,33,60.8
Nauru,2012,2009,6.1,33,60.8
Nauru,2012,2016,6.1,33,60.8
Nauru,2012,2017,6.1,33,60.8
Nepal,2012,2002,41,22,37
Nepal,2012,2000,41,22,37
Nepal,2012,2003,40,20,40
Nepal,2012,2004,40,20,40
Nepal,2012,2005,40,20,40
Nepal,2012,2006,38,21,41
Nepal,2012,2015,30.7,13.6,55.7
Nepal,2012,2014,30.7,13.6,55.7
Nepal,2012,2016,29.4,13.8,49.4
Nepal,2012,2017,29.2,13.1,50
Netherlands,2012,2002,3,26,71
Netherlands,2012,2001,3.1,25.7,71.2
Netherlands,2012,2003,3.1,25.7,71.2
Netherlands,2012,2004,2.5,24.4,73.1
Netherlands,2012,2005,2.4,24.5,73.1
Netherlands,2012,2006,2.1,24.4,73.6
Netherlands,2012,2007,2.2,24.1,73.7
Netherlands,2012,2008,2,24.4,73.6
Netherlands,2012,2015,2.8,22.3,74.8
Netherlands,2012,2014,2.8,22.3,74.8
Netherlands,2012,2016,1.6,18,70.2
Netherlands,2012,2017,1.6,17.9,70.2
Netherlands Antilles,2012,2002,1,15,84
Netherlands Antilles,2012,1996,1,15,84
Netherlands Antilles,2012,2003,1,15,84
Netherlands Antilles,2012,2000,1,15,84
Netherlands Antilles,2012,2004,1,15,84
Netherlands Antilles,2012,2005,1,15,84
Netherlands Antilles,2012,2006,1,15,84
Netherlands Antilles,2012,2007,1,15,84
Netherlands Antilles,2012,2008,1,15,84
New Caledonia,2012,2002,5,30,65
New Caledonia,2012,1997,15,8.8,76.2
New Caledonia,2012,2003,5,30,65
New Caledonia,2012,2004,5,30,65
New Caledonia,2012,2005,5,30,65
New Caledonia,2012,2006,15,8.8,76.2
New Caledonia,2012,2007,15,8.8,76.2
New Caledonia,2012,2008,15,8.8,76.2
New Caledonia,2012,2015,1.4,26.8,71.8
New Caledonia,2012,2014,1.4,26.8,71.8
New Caledonia,2012,2016,1.4,25,73.6
New Caledonia,2012,2017,1.4,26.1,72.4
New Zealand,2012,2002,8,23,69
New Zealand,2012,1999,8,23,69
New Zealand,2012,2003,8,23,69
New Zealand,2012,2001,8,23,69
New Zealand,2012,2004,4.8,27.4,67.8
New Zealand,2012,2005,4.6,27.4,68
New Zealand,2012,2006,4.3,27.3,68.4
New Zealand,2012,2007,4.3,26.9,68.8
New Zealand,2012,2008,4.5,26.2,69.3
New Zealand,2012,2015,3.8,26.6,69.6
New Zealand,2012,2014,3.8,26.6,69.6
New Zealand,2012,2016,4.3,26.3,69.4
New Zealand,2012,2017,3.9,26.3,69.8
Nicaragua,2012,2002,33,23,44
Nicaragua,2012,2000,33,23,44
Nicaragua,2012,2003,30,26,44
Nicaragua,2012,2004,28.9,25.4,45.7
Nicaragua,2012,2005,20.7,24.7,54.6
Nicaragua,2012,2006,16.5,27.5,56
Nicaragua,2012,2007,17.2,25.9,56.9
Nicaragua,2012,2008,16.9,25.8,57.2
Nicaragua,2012,2015,14.9,28.8,56.4
Nicaragua,2012,2014,14.9,28.8,56.4
Nicaragua,2012,2016,17,24.2,58.8
Nicaragua,2012,2017,14.8,24.2,50.4
Niger,2012,2002,41,17,42
Niger,2012,2000,41,17,42
Niger,2012,2003,39,17,44
Niger,2012,2001,39,17,44
Niger,2012,2004,39,17,44
Niger,2012,2005,39,17,44
Niger,2012,2006,39,17,44
Niger,2012,2007,39,17,44
Niger,2012,2008,39,17,44
Niger,2012,2015,37.7,18.6,43.7
Niger,2012,2014,37.7,18.6,43.7
Niger,2012,2016,36.9,18.4,46.5
Niger,2012,2017,44.7,14.9,40.3
Nigeria,2012,2002,39,33,28
Nigeria,2012,2000,39,33,28
Nigeria,2012,2003,45,20,35
Nigeria,2012,2004,30.8,43.8,25.4
Nigeria,2012,2005,36.3,30.5,33.3
Nigeria,2012,2006,26.9,48.7,24.4
Nigeria,2012,2007,17.3,54.3,28.4
Nigeria,2012,2008,17.7,52.6,29.8
Nigeria,2012,2015,20.6,25.6,53.8
Nigeria,2012,2014,20.6,25.6,53.8
Nigeria,2012,2016,20.9,20.4,58.8
Nigeria,2012,2017,21.2,18.4,60.4
Niue,2012,2002,55
Niue,2012,2003,55
Niue,2012,2004,55
Niue,2012,2005,55
Niue,2012,2006,23.5,26.9,49.5
Niue,2012,2007,23.5,26.9,49.5
Niue,2012,2008,23.5,26.9,49.5
Niue,2012,2015,23.5,26.9,49.5
Niue,2012,2016,23.5,26.9,49.5
Niue,2012,2017,23.5,26.9,49.5
Northern Mariana Islands,2012,2015,1.7,2.9,95.4
Northern Mariana Islands,2012,2012,1.7,2.9,95.4
Northern Mariana Islands,2012,2016,1.7,2.9,95.4
Northern Mariana Islands,2012,2010,1.7,2.9,95.4
Northern Mariana Islands,2012,2017,1.7,2.9,95.4
Norway,2012,2002,2,31,67
Norway,2012,2000,1.9,30.8,67.3
Norway,2012,2003,1.9,30.8,67.3
Norway,2012,2004,2.5,36.2,61.2
Norway,2012,2005,2.2,36.3,61.6
Norway,2012,2006,2.1,41.5,56.4
Norway,2012,2007,2.4,43.5,54.1
Norway,2012,2008,2.4,41.9,55.7
Norway,2012,2015,1.7,41.8,56.5
Norway,2012,2014,1.7,41.8,56.5
Norway,2012,2016,1.8,35,63.2
Norway,2012,2017,2.5,31.7,65.8
Oman,2012,2002,3,40,57
Oman,2012,1999,3,40,57
Oman,2012,2003,3,55,42
Oman,2012,2001,3,55,42
Oman,2012,2004,3.1,42.1,54.8
Oman,2012,2005,3.1,41.1,55.8
Oman,2012,2006,2.7,39,58.3
Oman,2012,2007,2.3,39.1,58.6
Oman,2012,2008,2.2,38.2,59.6
Oman,2012,2015,1.3,55.2,43.5
Oman,2012,2014,1.3,55.2,43.5
Oman,2012,2016,1.5,55.1,47.2
Oman,2012,2017,1.8,47.6,53.9
Pakistan,2012,2002,26,24,50
Pakistan,2012,2001,26,24,50
Pakistan,2012,2004,23.3,23.5,53.2
Pakistan,2012,2003,23.3,23.5,53.2
Pakistan,2012,2005,22.6,24.1,53.3
Pakistan,2012,2006,21.6,25.1,53.3
Pakistan,2012,2007,19.4,27.2,53.4
Pakistan,2012,2008,20.6,26.6,52.8
Pakistan,2012,2015,25.1,21.3,53.6
Pakistan,2012,2014,25.1,21.3,53.6
Pakistan,2012,2016,25.1,20,54.9
Pakistan,2012,2017,24.6,19.4,56
Palau,2012,2007,6.2,12,81.8
Palau,2012,2003,6.2,12,81.8
Palau,2012,2008,6.2,12,81.8
Palau,2012,2015,3.2,20,76.8
Palau,2012,2012,3.2,20,76.8
Palau,2012,2016,3.2,20,76.8
Palau,2012,2017,3,19,78
Panama,2012,2002,7,17,76
Panama,2012,2000,7,17,76
Panama,2012,2003,7,17,76
Panama,2012,2001,7,17,76
Panama,2012,2004,8.3,14.7,77.1
Panama,2012,2005,7.2,13,79.8
Panama,2012,2006,6.8,15.6,77.6
Panama,2012,2007,7.3,16.5,76.3
Panama,2012,2008,6.6,16.4,77
Panama,2012,2015,2.9,14.1,83
Panama,2012,2014,2.9,14.1,83
Panama,2012,2016,2.8,14.4,77.3
Panama,2012,2017,2.5,15.5,76.7
Papua New Guinea,2012,2002,30,37,33
Papua New Guinea,2012,2000,30,37,33
Papua New Guinea,2012,2003,32.1,35.8,32.1
Papua New Guinea,2012,2001,32.1,35.8,32.1
Papua New Guinea,2012,2004,34,37.7,28.3
Papua New Guinea,2012,2005,34.5,34.7,30.8
Papua New Guinea,2012,2006,35.3,38.1,26.6
Papua New Guinea,2012,2007,36.1,36.7,27.2
Papua New Guinea,2012,2008,34,37.3,28.7
Papua New Guinea,2012,2015,26.3,39,34.8
Papua New Guinea,2012,2014,26.3,39,34.8
Papua New Guinea,2012,2016,23,37.8,39.2
Papua New Guinea,2012,2017,21.5,42.8,35.7
Paraguay,2012,2002,29,26,45
Paraguay,2012,2000,29,26,45
Paraguay,2012,2003,27,27,46
Paraguay,2012,2001,27,27,46
Paraguay,2012,2004,24.8,23.7,51.4
Paraguay,2012,2005,25.3,24.9,49.8
Paraguay,2012,2006,22.4,20.7,56.9
Paraguay,2012,2007,21.4,18.6,60.1
Paraguay,2012,2008,22.7,17.6,59.7
Paraguay,2012,2015,19.9,17.6,62.5
Paraguay,2012,2014,19.9,17.6,62.5
Paraguay,2012,2016,19,29.5,51.6
Paraguay,2012,2017,20,30.3,49.7
Peru,2012,2002,10,35,55
Peru,2012,2001,10,27,63
Peru,2012,2003,10,27,63
Peru,2012,2004,8,27,65
Peru,2012,2005,8,27,65
Peru,2012,2006,8,27,65
Peru,2012,2007,8.7,26.2,65.1
Peru,2012,2008,8.4,25.6,66
Peru,2012,2015,7.1,36.7,56.2
Peru,2012,2014,7.1,36.7,56.2
Peru,2012,2016,7.3,34.6,58.1
Peru,2012,2017,7.6,34.7,57.7
Philippines,2012,2002,17,30,53
Philippines,2012,2000,17,30,53
Philippines,2012,2003,15,31,54
Philippines,2012,2001,15,31,54
Philippines,2012,2004,14.5,32.3,53.2
Philippines,2012,2005,14.8,31.9,53.2
Philippines,2012,2006,14.4,32.6,53
Philippines,2012,2007,14.1,31.6,54.2
Philippines,2012,2008,13.8,31.7,54.5
Philippines,2012,2015,11.3,31.2,57.4
Philippines,2012,2014,11.3,31.2,57.4
Philippines,2012,2016,10.3,30.8,59
Philippines,2012,2017,9.7,30.8,59.5
Poland,2012,2002,4,35,61
Poland,2012,2000,3.8,35,61.2
Poland,2012,2003,3.8,35,61.2
Poland,2012,2004,3.1,31,65.9
Poland,2012,2005,2.9,31.3,65.9
Poland,2012,2006,5,31.1,64
Poland,2012,2007,4.5,31.7,63.8
Poland,2012,2008,4.1,31.6,64.4
Poland,2012,2015,3.7,32,64.3
Poland,2012,2014,3.7,32,64.3
Poland,2012,2016,3.3,41.1,55.6
Poland,2012,2017,2.4,40.2,64.2
Portugal,2012,2002,4,29,68
Portugal,2012,2001,3.6,28.7,67.7
Portugal,2012,2003,3.6,28.7,67.7
Portugal,2012,2004,5.8,30.7,63.2
Portugal,2012,2005,5.9,30.2,63.9
Portugal,2012,2006,5.3,27.4,67.3
Portugal,2012,2007,8,25.8,66.2
Portugal,2012,2008,8.2,25.4,66.4
Portugal,2012,2015,2.6,22.4,75
Portugal,2012,2014,2.6,22.4,75
Portugal,2012,2016,2.4,21.9,75.9
Portugal,2012,2017,2.3,22.4,75.4
Puerto Rico,2012,2002,1,45,54
Puerto Rico,2012,1999,1,45,54
Puerto Rico,2012,2003,1,45,54
Puerto Rico,2012,2004,1,45,54
Puerto Rico,2012,2005,1,45,54
Puerto Rico,2012,2006,1,45,54
Puerto Rico,2012,2007,1,45,54
Puerto Rico,2012,2008,1,45,54
Puerto Rico,2012,2015,0.7,48.5,50.8
Puerto Rico,2012,2014,0.7,48.5,50.8
Puerto Rico,2012,2016,0.8,50.1,49.1
Puerto Rico,2012,2017,0.8,50.2,48.5
Qatar,2012,2002,1,49,50
Qatar,2012,1996,1,49,50
Qatar,2012,2003,0.4,67.6,32
Qatar,2012,2000,0.4,67.6,32
Qatar,2012,2004,0.4,70.8,28.8
Qatar,2012,2005,0.3,58.2,41.5
Qatar,2012,2006,0.2,80.1,19.7
Qatar,2012,2007,0.1,75.8,24.1
Qatar,2012,2008,0.1,77.8,22.1
Qatar,2012,2015,0.1,68,31.9
Qatar,2012,2014,0.1,68,31.9
Qatar,2012,2016,0.1,55.7,44.1
Qatar,2012,2017,0.2,54.6,52
Reunion,2012,2003,8,19,73
Reunion,2012,2000,8,19,73
Reunion,2012,2004,8,19,73
Reunion,2012,2005,8,19,73
Reunion,2012,2006,8,19,73
Romania,2012,2002,15,30,55
Romania,2012,2000,15,30,55
Romania,2012,2003,15,35,50
Romania,2012,2001,15,35,50
Romania,2012,2004,13.1,38.1,48.8
Romania,2012,2005,13.1,33.7,53.2
Romania,2012,2006,10.1,35,54.9
Romania,2012,2007,9.1,34.9,56
Romania,2012,2008,7.9,35.6,56.5
Romania,2012,2015,5.4,27.3,67.3
Romania,2012,2014,5.4,27.3,67.3
Romania,2012,2016,4.8,41.3,53.9
Romania,2012,2017,4.4,34.2,63.3
Russia,2012,2002,7,39,53
Russia,2012,2001,7,39,53
Russia,2012,2003,5.8,34.6,59.6
Russia,2012,2004,5.2,35.1,59.8
Russia,2012,2005,4.9,33.9,61.2
Russia,2012,2006,5.4,37.1,57.5
Russia,2012,2007,4.9,39.3,55.8
Russia,2012,2008,4.7,39.1,56.2
Russia,2012,2015,4,36.3,59.7
Russia,2012,2014,4,36.3,59.7
Russia,2012,2016,4.6,32.6,62.1
Russia,2012,2017,4.7,32.5,62.1
Rwanda,2012,2002,46,20,34
Rwanda,2012,2000,46,20,34
Rwanda,2012,2003,45,20,35
Rwanda,2012,2004,40.7,21.5,37.8
Rwanda,2012,2005,41.1,21.2,37.7
Rwanda,2012,2006,40.1,22.9,37
Rwanda,2012,2007,39.9,20.3,39.7
Rwanda,2012,2008,36.9,21.7,41.4
Rwanda,2012,2015,32.5,14.8,52.7
Rwanda,2012,2014,32.5,14.8,52.7
Rwanda,2012,2016,34.6,15.1,50.3
Rwanda,2012,2017,31.5,17.6,50.8
Saint Kitts And Nevis,2012,2002,4,26,71
Saint Kitts And Nevis,2012,2001,3.5,25.8,70.7
Saint Kitts And Nevis,2012,2003,3.5,25.8,70.7
Saint Kitts And Nevis,2012,2004,3.5,25.8,70.7
Saint Kitts And Nevis,2012,2005,3.5,25.8,70.7
Saint Kitts And Nevis,2012,2006,3.5,25.8,70.7
Saint Kitts And Nevis,2012,2007,3.5,25.8,70.7
Saint Kitts And Nevis,2012,2008,3.5,25.8,70.7
Saint Kitts And Nevis,2012,2015,1.5,23,75.4
Saint Kitts And Nevis,2012,2014,1.5,23,75.4
Saint Kitts And Nevis,2012,2016,1.4,26.5,72.1
Saint Kitts And Nevis,2012,2017,1.1,29,69.9
Saint Lucia,2012,2002,8,20,73
Saint Lucia,2012,2000,8,20,73
Saint Lucia,2012,2003,7,20,73
Saint Lucia,2012,2004,7,20,73
Saint Lucia,2012,2005,7,20,73
Saint Lucia,2012,2006,7,20,73
Saint Lucia,2012,2007,5,15,80
Saint Lucia,2012,2008,5,15,80
Saint Lucia,2012,2015,3,14.5,82.5
Saint Lucia,2012,2014,3,14.5,82.5
Saint Lucia,2012,2016,2.9,13.8,83.3
Saint Lucia,2012,2017,2.9,13.9,83.2
Saint Pierre And Miquelon,2012,2015,2,15,83
Saint Pierre And Miquelon,2012,2006,2,15,83
Saint Pierre And Miquelon,2012,2016,2,15,83
Saint Pierre And Miquelon,2012,2017,2,15,83
Saint Vincent And The Grenadines,2012,2002,10,26,64
Saint Vincent And The Grenadines,2012,2001,10,26,64
Saint Vincent And The Grenadines,2012,2003,10,26,64
Saint Vincent And The Grenadines,2012,2004,10,26,64
Saint Vincent And The Grenadines,2012,2005,10,26,64
Saint Vincent And The Grenadines,2012,2006,10,26,64
Saint Vincent And The Grenadines,2012,2007,10,26,64
Saint Vincent And The Grenadines,2012,2008,10,26,64
Saint Vincent And The Grenadines,2012,2015,8.5,20.9,70.6
Saint Vincent And The Grenadines,2012,2014,8.5,20.9,70.6
Saint Vincent And The Grenadines,2012,2016,7.9,17.2,75
Saint Vincent And The Grenadines,2012,2017,7.1,17.4,75.4
Samoa,2012,2002,16,18,66
Samoa,2012,2000,16,18,66
Samoa,2012,2003,14,23,63
Samoa,2012,2001,11.4,58.4,30.2
Samoa,2012,2004,14,23,63
Samoa,2012,2005,14,23,63
Samoa,2012,2006,11.4,58.4,30.2
Samoa,2012,2007,11.4,58.4,30.2
Samoa,2012,2008,11.4,58.4,30.2
Samoa,2012,2015,11.4,30.1,58.5
Samoa,2012,2014,11.4,30.1,58.5
Samoa,2012,2016,10.3,23.9,65.7
Samoa,2012,2017,10.3,23.9,65.8
San Marino,2012,2015,0.1,39.2,60.7
San Marino,2012,2009,0.1,39.2,60.7
San Marino,2012,2016,0.1,39.2,60.7
San Marino,2012,2017,0.1,39.2,60.7
Sao Tome And Principe,2012,2002,25,10,65
Sao Tome And Principe,2012,1999,25,10,65
Sao Tome And Principe,2012,2003,25,10,65
Sao Tome And Principe,2012,2004,19.6,17.8,62.6
Sao Tome And Principe,2012,2005,16.5,15.4,68.1
Sao Tome And Principe,2012,2006,16.7,14.8,68.4
Sao Tome And Principe,2012,2007,15,13.7,71.3
Sao Tome And Principe,2012,2008,14.9,14,71
Sao Tome And Principe,2012,2015,18.8,16.1,65.1
Sao Tome And Principe,2012,2014,18.8,16.1,65.1
Sao Tome And Principe,2012,2016,22.9,10.3,66.8
Sao Tome And Principe,2012,2017,12.1,14.8,73.2
Saudi Arabia,2012,2002,7,48,45
Saudi Arabia,2012,2000,7,48,45
Saudi Arabia,2012,2003,5.2,51.2,43.6
Saudi Arabia,2012,2001,5.2,51.2,43.6
Saudi Arabia,2012,2004,4.7,58.8,36.5
Saudi Arabia,2012,2005,4.2,67.2,28.6
Saudi Arabia,2012,2006,3.3,61.3,35.4
Saudi Arabia,2012,2007,3,63.6,33.4
Saudi Arabia,2012,2008,3,63.7,33.3
Saudi Arabia,2012,2015,2,59.7,38.3
Saudi Arabia,2012,2014,2,59.7,38.3
Saudi Arabia,2012,2016,2.3,46,51.8
Saudi Arabia,2012,2017,2.7,43.4,54
Senegal,2012,2002,19,21,61
Senegal,2012,2000,19,21,61
Senegal,2012,2003,18,27,55
Senegal,2012,2001,18,27,55
Senegal,2012,2004,16.8,27.2,56
Senegal,2012,2005,15.9,21.4,62.7
Senegal,2012,2006,17.2,20.9,61.9
Senegal,2012,2007,16.6,19.2,64.1
Senegal,2012,2008,16,19.4,64.6
Senegal,2012,2015,15.6,23.8,60.6
Senegal,2012,2014,15.6,23.8,60.6
Senegal,2012,2016,15.9,23.8,60.4
Senegal,2012,2017,17.2,23.7,59
Serbia And Montenegro,2012,2002,26,36,38
Serbia And Montenegro,2012,2001,26,36,38
Serbia And Montenegro,2012,2003,26,36,38
Serbia And Montenegro,2012,2004,15.2,28.2,56.5
Serbia And Montenegro,2012,2005,15.5,27.6,56.8
Seychelles,2012,2002,3,26,71
Seychelles,2012,1999,3,26,71
Seychelles,2012,2003,2.4,24.4,73.2
Seychelles,2012,2000,2.4,24.4,73.2
Seychelles,2012,2004,2.8,28.7,68.9
Seychelles,2012,2005,2.8,28.7,68.9
Seychelles,2012,2006,3.2,30.4,66.5
Seychelles,2012,2007,2.5,26.3,71.2
Seychelles,2012,2008,2.1,28.3,69.6
Seychelles,2012,2015,3,14,83.1
Seychelles,2012,2014,3,14,83.1
Seychelles,2012,2016,2.6,14,83.4
Seychelles,2012,2017,2.6,14,83.4
Sierra Leone,2012,2002,43,27,30
Sierra Leone,2012,2000,43,27,30
Sierra Leone,2012,2003,49,31,21
Sierra Leone,2012,2001,49,31,21
Sierra Leone,2012,2004,49,31,21
Sierra Leone,2012,2005,49,30,21
Sierra Leone,2012,2006,49,31,21
Sierra Leone,2012,2007,49,31,21
Sierra Leone,2012,2008,49,31,21
Sierra Leone,2012,2015,42.5,26.8,30.7
Sierra Leone,2012,2014,42.5,26.8,30.7
Sierra Leone,2012,2016,71.6,7.3,21.1
Sierra Leone,2012,2017,61.4,5.9,32.7
Singapore,2012,2002,33,67
Singapore,2012,2001,33,67
Singapore,2012,2003,33,67
Singapore,2012,2004,32.2,67.8
Singapore,2012,2005,0,32.6,67.4
Singapore,2012,2006,0,33.9,66.1
Singapore,2012,2007,0,34.8,65.2
Singapore,2012,2008,0,31.2,68.8
Singapore,2012,2015,0,25,75
Singapore,2012,2014,0,26.4,73.6
Singapore,2012,2016,0,26.4,73.6
Singapore,2012,2017,0,26.2,73.8
Slovakia,2012,2002,5,34,61
Slovakia,2012,2000,4.5,34.1,61.4
Slovakia,2012,2003,4.5,34.1,61.4
Slovakia,2012,2004,5.9,47.9,46.2
Slovakia,2012,2005,3.5,30.1,66.4
Slovakia,2012,2006,3.5,29.4,67.2
Slovakia,2012,2007,3.6,31.6,64.8
Slovakia,2012,2008,2.6,33.5,63.9
Slovakia,2012,2015,3.4,22.5,74.1
Slovakia,2012,2014,3.4,22.5,74.1
Slovakia,2012,2016,3.7,31.1,65.3
Slovakia,2012,2017,3.8,34.8,61.4
Slovenia,2012,2002,3,36,61
Slovenia,2012,2001,3.2,36.3,60.5
Slovenia,2012,2003,3.2,36.3,60.5
Slovenia,2012,2004,3,39.7,57.3
Slovenia,2012,2005,3,36,60
Slovenia,2012,2006,2.8,36.9,60.3
Slovenia,2012,2007,2.3,34.5,63.2
Slovenia,2012,2008,2.1,34.4,63.5
Slovenia,2012,2015,2.1,28.4,69.5
Slovenia,2012,2014,2.1,28.4,69.5
Slovenia,2012,2016,2.3,33.5,64.2
Slovenia,2012,2017,2.3,32.4,65.3
Solomon Islands,2012,2002,42,11,47
Solomon Islands,2012,2000,42,11,47
Solomon Islands,2012,2003,42,11,47
Solomon Islands,2012,2004,42,11,47
Solomon Islands,2012,2005,42,11,47
Solomon Islands,2012,2006,42,11,47
Solomon Islands,2012,2007,42,11,47
Solomon Islands,2012,2008,42,11,47
Solomon Islands,2012,2015,51.9,10,38.1
Solomon Islands,2012,2014,51.9,10,38.1
Solomon Islands,2012,2016,53.2,8,38.8
Solomon Islands,2012,2017,34.4,7.6,58
Somalia,2012,2002,65,10,25
Somalia,2012,2000,65,10,25
Somalia,2012,2003,65,10,25
Somalia,2012,2004,65,10,25
Somalia,2012,2005,65,10,25
Somalia,2012,2006,65,10,25
Somalia,2012,2007,65,10,25
Somalia,2012,2008,65,10,25
Somalia,2012,2015,60.2,7.4,32.5
Somalia,2012,2011,60.2,7.4,32.5
Somalia,2012,2016,60.2,7.4,32.5
Somalia,2012,2013,60.2,7.4,32.5
Somalia,2012,2017,60.2,7.4,32.5
South Africa,2012,2002,3,31,66
South Africa,2012,2000,3,31,66
South Africa,2012,2003,4.4,28.9,66.7
South Africa,2012,2001,4.4,28.9,66.7
South Africa,2012,2004,3.8,31,65.2
South Africa,2012,2005,3.6,31.2,65.2
South Africa,2012,2006,2.5,30.3,67.1
South Africa,2012,2007,2.7,30.9,66.4
South Africa,2012,2008,3.2,31.3,65.5
South Africa,2012,2015,2.4,28.5,69.1
South Africa,2012,2014,2.4,28.5,69.1
South Africa,2012,2016,2.4,28.9,68.7
South Africa,2012,2017,2.4,29,68.6
Spain,2012,2002,4,31,65
Spain,2012,2000,4,31,65
Spain,2012,2003,4,31,65
Spain,2012,2004,3.6,28.6,67.8
Spain,2012,2005,3.5,28.5,68
Spain,2012,2006,4,29.5,66.5
Spain,2012,2007,3.9,29.7,66.4
Spain,2012,2008,3.6,30.2,66.1
Spain,2012,2015,3.2,25.4,71.4
Spain,2012,2014,3.2,25.4,71.4
Spain,2012,2016,2.5,22.6,74.9
Spain,2012,2017,2.6,23.4,74.1
Sri Lanka,2012,2002,21,27,52
Sri Lanka,2012,2000,21,27,52
Sri Lanka,2012,2003,20,26,54
Sri Lanka,2012,2001,20,26,54
Sri Lanka,2012,2004,19.9,26.3,53.8
Sri Lanka,2012,2005,19.1,26.2,54.7
Sri Lanka,2012,2006,17.8,27.6,54.5
Sri Lanka,2012,2007,16.5,27.1,56.5
Sri Lanka,2012,2008,11.7,29.9,58.4
Sri Lanka,2012,2015,10.2,33.1,56.7
Sri Lanka,2012,2014,10.2,33.1,56.7
Sri Lanka,2012,2016,8.7,30.7,60.6
Sri Lanka,2012,2017,8.2,30.6,62.6
Sudan,2012,2002,43,17,40
Sudan,2012,1999,43,17,40
Sudan,2012,2003,43,17,40
Sudan,2012,2004,38.7,20.3,41
Sudan,2012,2005,38.7,20.3,41
Sudan,2012,2006,38.7,20.3,41
Sudan,2012,2007,38.4,24.3,37.2
Sudan,2012,2008,32,32.8,35.2
Sudan,2012,2015,26.8,35.6,37.7
Sudan,2012,2014,26.8,35.6,37.7
Sudan,2012,2016,28.6,20.5,50.9
Sudan,2012,2017,39.5,2.6,57.9
Suriname,2012,2002,13,22,65
Suriname,2012,1998,13,22,65
Suriname,2012,2003,13,22,65
Suriname,2012,2001,13,22,65
Suriname,2012,2004,13,22,65
Suriname,2012,2005,13,22,65
Suriname,2012,2006,13,22,65
Suriname,2012,2007,13,22,65
Suriname,2012,2008,10.8,24.4,64.8
Suriname,2012,2015,8.6,37.3,54.1
Suriname,2012,2014,8.6,37.3,54.1
Suriname,2012,2016,6.4,49.9,43.7
Suriname,2012,2017,11.8,30.7,57.5
Swaziland,2012,2002,10,43,47
Swaziland,2012,1999,10,43,47
Swaziland,2012,2003,17,44,39
Swaziland,2012,2001,17,44,39
Swaziland,2012,2004,16.2,43.2,40.5
Swaziland,2012,2005,16.1,43.4,40.5
Swaziland,2012,2006,11.9,51.5,36.6
Swaziland,2012,2007,11.9,46.1,41.9
Swaziland,2012,2008,11.8,45.7,42.5
Swaziland,2012,2015,7.2,47.4,45.4
Swaziland,2012,2014,7.2,47.4,45.4
Swaziland,2012,2016,6.6,43.9,49.6
Swaziland,2012,2017,6.3,45.4,48.3
Sweden,2012,2002,2,29,69
Sweden,2012,2001,2,29,69
Sweden,2012,2003,2,29,69
Sweden,2012,2004,2,29,69
Sweden,2012,2005,2,29,69
Sweden,2012,2006,1.1,28.2,70.7
Sweden,2012,2007,1.4,29,69.6
Sweden,2012,2008,1.5,28.8,69.7
Sweden,2012,2015,1.8,33.4,64.8
Sweden,2012,2014,1.8,33.4,64.8
Sweden,2012,2016,1.8,33.8,64.4
Sweden,2012,2017,1.6,33.2,65.2
Switzerland,2012,2002,2,34,64
Switzerland,2012,2003,2,34,64
Switzerland,2012,2004,1.5,34,64.5
Switzerland,2012,2005,1.5,34,64.5
Switzerland,2012,2006,1.5,34,64.5
Switzerland,2012,2007,1.5,34,64.5
Switzerland,2012,2008,1.5,34,64.5
Switzerland,2012,2015,0.8,26.7,72.5
Switzerland,2012,2014,0.8,26.7,72.5
Switzerland,2012,2016,0.7,25.7,73.6
Switzerland,2012,2017,0.7,25.5,73.8
Syria,2012,2002,27,23,50
Syria,2012,2000,27,23,50
Syria,2012,2003,27,23,50
Syria,2012,2004,28.5,29.4,42.1
Syria,2012,2005,25,31,44
Syria,2012,2006,24.9,23,51.9
Syria,2012,2007,24.8,25.1,50.1
Syria,2012,2008,24,27.9,48.2
Syria,2012,2015,16.4,22.7,60.9
Syria,2012,2014,16.4,22.7,60.9
Syria,2012,2016,19.5,18.9,61.6
Syria,2012,2017,19.5,19,61.5
Taiwan,2012,2002,2,32,66
Taiwan,2012,2000,2,32,66
Taiwan,2012,2003,2,31,67
Taiwan,2012,2004,1.8,30.3,67.9
Taiwan,2012,2005,1.7,30.9,67.4
Taiwan,2012,2006,1.8,25.9,72.3
Taiwan,2012,2007,1.5,26.8,71.7
Taiwan,2012,2008,1.4,27.5,71.1
Taiwan,2012,2015,1.9,34.1,64.1
Taiwan,2012,2014,1.9,34.1,64.1
Taiwan,2012,2016,1.8,36.5,61.7
Taiwan,2012,2017,1.9,36.1,62
Tajikistan,2012,2002,19,25,56
Tajikistan,2012,2000,19,25,56
Tajikistan,2012,2003,19,26,55
Tajikistan,2012,2004,30.8,29.1,40.1
Tajikistan,2012,2005,23.7,24.3,52
Tajikistan,2012,2006,23.4,28.6,48
Tajikistan,2012,2007,23,28,49
Tajikistan,2012,2008,23.8,30.4,45.8
Tajikistan,2012,2015,27.2,21.6,51.2
Tajikistan,2012,2014,27.2,21.6,51.2
Tajikistan,2012,2016,29.5,21.2,49.3
Tajikistan,2012,2017,27.8,25.9,46.3
Tanzania,2012,2002,48,17,35
Tanzania,2012,2000,48,17,35
Tanzania,2012,2003,48.1,15.4,36.5
Tanzania,2012,2001,48.1,15.4,36.5
Tanzania,2012,2004,43.6,16.5,40
Tanzania,2012,2005,43.2,17.2,39.6
Tanzania,2012,2006,43.2,17.2,39.6
Tanzania,2012,2007,43.2,18.1,38.7
Tanzania,2012,2008,42.5,18.9,38.5
Tanzania,2012,2015,26.9,25.2,48
Tanzania,2012,2014,26.9,25.2,48
Tanzania,2012,2016,25.6,26.5,47.4
Tanzania,2012,2017,24.5,27.6,47.3
Thailand,2012,2002,11,40,49
Thailand,2012,2001,11,40,49
Thailand,2012,2003,11,40,49
Thailand,2012,2004,9.8,44,46.3
Thailand,2012,2005,9,44.3,46.7
Thailand,2012,2006,9.9,44.1,46
Thailand,2012,2007,10.7,44.6,44.7
Thailand,2012,2008,11.4,43.8,44.8
Thailand,2012,2015,11.6,32.6,55.8
Thailand,2012,2014,11.6,32.6,55.8
Thailand,2012,2016,9.1,35.7,55.1
Thailand,2012,2017,8.3,35.8,55.8
Togo,2012,2002,42,21,37
Togo,2012,2001,42,21,37
Togo,2012,2003,42,21,37
Togo,2012,2004,39.5,20.4,40.1
Togo,2012,2005,39.5,20.4,40.1
Togo,2012,2006,39.5,20.4,40.1
Togo,2012,2007,40,25,35
Togo,2012,2008,40,25,35
Togo,2012,2015,27.6,33.9,38.5
Togo,2012,2014,27.6,33.9,38.5
Togo,2012,2016,28.5,20.9,50.6
Togo,2012,2017,29,21.1,49.9
Tonga,2012,2002,30,10,60
Tonga,2012,2001,26,12,62
Tonga,2012,2003,26,12,62
Tonga,2012,2004,26,12,62
Tonga,2012,2005,23,13,64
Tonga,2012,2015,18.1,21.1,60.8
Tonga,2012,2014,18.1,21.1,60.8
Tonga,2012,2016,19.3,20.1,60.6
Tonga,2012,2017,19.6,20.4,60
Trinidad And Tobago,2012,2002,2,43,55
Trinidad And Tobago,2012,2000,1.6,43.2,55.2
Trinidad And Tobago,2012,2003,1.6,43.2,55.2
Trinidad And Tobago,2012,2004,2.6,49,48.4
Trinidad And Tobago,2012,2005,2.7,47,50.3
Trinidad And Tobago,2012,2006,0.7,57,42.3
Trinidad And Tobago,2012,2007,0.7,59.8,39.4
Trinidad And Tobago,2012,2008,0.6,62,37.5
Trinidad And Tobago,2012,2015,0.5,15.2,84.3
Trinidad And Tobago,2012,2014,0.5,15.2,84.3
Trinidad And Tobago,2012,2016,0.5,37.7,61.4
Trinidad And Tobago,2012,2017,0.4,48.4,51.2
Tunisia,2012,2002,13,33,54
Tunisia,2012,2000,13,33,54
Tunisia,2012,2003,12,32,56
Tunisia,2012,2004,13.9,32.2,53.9
Tunisia,2012,2005,13.8,31.8,54.4
Tunisia,2012,2006,13.2,31.8,55
Tunisia,2012,2007,12.5,33.1,54.4
Tunisia,2012,2008,11.6,25.7,62.8
Tunisia,2012,2015,8.7,29,62.3
Tunisia,2012,2014,8.7,29,62.3
Tunisia,2012,2016,10.4,28.2,61.4
Tunisia,2012,2017,9.9,26.2,63.3
Turkey,2012,2002,13,30,57
Turkey,2012,2001,12.9,30.4,56.7
Turkey,2012,2003,12.9,30.4,56.7
Turkey,2012,2004,11.7,29.8,58.5
Turkey,2012,2005,11.7,29.8,58.5
Turkey,2012,2006,11.7,29.8,58.5
Turkey,2012,2007,9.3,31,59.7
Turkey,2012,2008,8.9,28.3,62.8
Turkey,2012,2015,8.2,26.9,64.9
Turkey,2012,2014,8.2,26.9,64.9
Turkey,2012,2016,8.7,27,67.8
Turkey,2012,2017,6.9,32.3,60.8
Turkmenistan,2012,2002,27,45,28
Turkmenistan,2012,2000,27,45,28
Turkmenistan,2012,2003,27,50,23
Turkmenistan,2012,2001,27,50,23
Turkmenistan,2012,2004,24.8,46.2,28.9
Turkmenistan,2012,2005,28.5,42.7,28.8
Turkmenistan,2012,2006,20.9,38,41.1
Turkmenistan,2012,2007,17.7,39.2,43.2
Turkmenistan,2012,2008,11.5,40.8,47.7
Turkmenistan,2012,2015,13.2,49.3,37.4
Turkmenistan,2012,2014,13.2,49.3,37.4
Turkmenistan,2012,2016,13.1,48.4,38.5
Turkmenistan,2012,2017,7.5,45.1,47.4
Turks And Caicos Islands,2012,2015,1.1,23.3,75.7
Turks And Caicos Islands,2012,2014,1.1,23.3,75.7
Turks And Caicos Islands,2012,2016,0.5,9.8,89.7
Turks And Caicos Islands,2012,2017,0.5,9,90.5
Tuvalu,2012,2007,16.6,27.2,56.2
Tuvalu,2012,2002,16.6,27.2,56.2
Tuvalu,2012,2008,16.6,27.2,56.2
Tuvalu,2012,2015,24.5,5.6,70
Tuvalu,2012,2012,24.5,5.6,70
Tuvalu,2012,2016,24.5,5.6,70
Tuvalu,2012,2017,24.5,5.6,70
Uganda,2012,2002,44,18,38
Uganda,2012,2000,44,18,38
Uganda,2012,2003,43,19,38
Uganda,2012,2001,43,19,38
Uganda,2012,2004,36.1,21.2,42.8
Uganda,2012,2005,35.8,20.8,43.6
Uganda,2012,2006,31.1,22.2,46.9
Uganda,2012,2007,31.4,24.6,44
Uganda,2012,2008,30.2,24.7,45.1
Uganda,2012,2015,21.9,26.7,51.3
Uganda,2012,2014,21.9,26.7,51.3
Uganda,2012,2016,25.3,20.9,53.8
Uganda,2012,2017,25.4,22.7,51.9
Ukraine,2012,2002,13,40,47
Ukraine,2012,2000,13,40,47
Ukraine,2012,2003,23,42,35
Ukraine,2012,2001,23,42,35
Ukraine,2012,2004,18.8,44.8,36.4
Ukraine,2012,2005,18,45.1,36.9
Ukraine,2012,2006,18.7,45.2,36.1
Ukraine,2012,2007,10.2,32.9,57
Ukraine,2012,2008,9,32.2,58.8
Ukraine,2012,2015,12.1,29,58.8
Ukraine,2012,2014,12.1,29,58.8
Ukraine,2012,2016,14.1,26.4,60
Ukraine,2012,2017,13.8,27.3,59.5
United Arab Emirates,2012,2002,3,46,51
United Arab Emirates,2012,2000,3,46,51
United Arab Emirates,2012,2003,3,46,51
United Arab Emirates,2012,2004,4,58.5,37.5
United Arab Emirates,2012,2005,4,58.5,37.5
United Arab Emirates,2012,2006,4,58.5,37.5
United Arab Emirates,2012,2007,2,62.7,35.2
United Arab Emirates,2012,2008,1.8,60.6,37.6
United Arab Emirates,2012,2015,0.6,58.9,40.5
United Arab Emirates,2012,2014,0.6,58.9,40.5
United Arab Emirates,2012,2016,0.8,46.9,52.3
United Arab Emirates,2012,2017,0.8,39.5,40.1
United Kingdom,2012,2002,1,25,74
United Kingdom,2012,2000,1.4,24.9,73.7
United Kingdom,2012,2003,1.4,24.9,73.7
United Kingdom,2012,2004,0.9,26.5,72.6
United Kingdom,2012,2005,1,26.3,72.7
United Kingdom,2012,2006,0.5,23.7,75.8
United Kingdom,2012,2007,0.9,24.1,75
United Kingdom,2012,2008,0.9,23.4,75.7
United Kingdom,2012,2015,0.6,20.6,78.8
United Kingdom,2012,2014,0.6,20.6,78.8
United Kingdom,2012,2016,0.7,19.4,80
United Kingdom,2012,2017,0.6,19.2,80.2
United States,2012,2002,2,18,80
United States,2012,2001,2,18,80
United States,2012,2003,2,18,80
United States,2012,2004,1.4,26.2,72.5
United States,2012,2005,0.9,19.7,79.4
United States,2012,2006,1,20.4,78.7
United States,2012,2007,0.9,20.9,78.2
United States,2012,2008,1.2,19.8,79
United States,2012,2015,1.6,20.7,77.7
United States,2012,2014,1.6,20.7,77.7
United States,2012,2016,1.1,19.4,79.5
United States,2012,2017,0.9,18.9,80.2
Uruguay,2012,2002,6,29,65
Uruguay,2012,2001,6,27,67
Uruguay,2012,2003,6,27,67
Uruguay,2012,2004,7.4,26.6,66
Uruguay,2012,2005,7.9,27.4,64.8
Uruguay,2012,2006,9.3,31.1,59.6
Uruguay,2012,2007,9.3,31.6,59.1
Uruguay,2012,2008,10.1,32,57.9
Uruguay,2012,2015,7.5,20.4,72.1
Uruguay,2012,2014,7.5,20.4,72.1
Uruguay,2012,2016,6.2,25,68.7
Uruguay,2012,2017,6.8,27.4,65.9
Uzbekistan,2012,2002,33,24,43
Uzbekistan,2012,2000,33,24,43
Uzbekistan,2012,2003,36,21,43
Uzbekistan,2012,2001,36,21,43
Uzbekistan,2012,2004,38,26.3,35.7
Uzbekistan,2012,2005,38,26.3,35.7
Uzbekistan,2012,2006,34.2,22.9,43
Uzbekistan,2012,2007,27.6,29.4,43
Uzbekistan,2012,2008,29.4,33.1,37.5
Uzbekistan,2012,2015,18.5,32,49.5
Uzbekistan,2012,2014,18.5,32,49.5
Uzbekistan,2012,2016,19.2,33.6,47.2
Uzbekistan,2012,2017,18.5,34.6,46.8
Vanuatu,2012,2002,26,12,62
Vanuatu,2012,2000,26,12,62
Vanuatu,2012,2003,26,12,62
Vanuatu,2012,2004,26,12,62
Vanuatu,2012,2005,26,12,62
Vanuatu,2012,2006,26,12,62
Vanuatu,2012,2007,26,12,62
Vanuatu,2012,2008,26,12,62
Vanuatu,2012,2015,25.1,10.8,64.1
Vanuatu,2012,2014,25.1,10.8,64.1
Vanuatu,2012,2016,26.1,9,64.9
Vanuatu,2012,2017,26.9,9,64.2
Venezuela,2012,2002,5,40,55
Venezuela,2012,2001,5,50,45
Venezuela,2012,2003,5,50,45
Venezuela,2012,2004,5,50,45
Venezuela,2012,2005,0.1,46.5,53.4
Venezuela,2012,2006,4,41.9,54.1
Venezuela,2012,2007,3.7,40.5,55.9
Venezuela,2012,2008,3.8,38.4,57.8
Venezuela,2012,2015,3.8,35.4,60.8
Venezuela,2012,2014,3.8,35.4,60.8
Venezuela,2012,2016,3.6,33.3,63.1
Venezuela,2012,2017,4,35.5,60.6
Vietnam,2012,2002,25,35,40
Vietnam,2012,2000,25,35,40
Vietnam,2012,2003,24,37,39
Vietnam,2012,2001,24,37,39
Vietnam,2012,2004,21.8,39.7,38.5
Vietnam,2012,2005,21.8,40.1,38.1
Vietnam,2012,2006,20.9,41,38.1
Vietnam,2012,2007,20,41.9,38.2
Vietnam,2012,2008,19.5,42.3,38.2
Vietnam,2012,2015,17.9,38.1,44
Vietnam,2012,2014,17.9,38.1,44
Vietnam,2012,2016,17.4,38.8,43.7
Vietnam,2012,2017,16.3,32.7,40.9
Virgin Islands,2012,2004,1,19,80
Virgin Islands,2012,2003,1,19,80
Virgin Islands,2012,2005,1,19,80
Virgin Islands,2012,2006,1,19,80
Virgin Islands,2012,2007,1,19,80
Virgin Islands,2012,2008,1,19,80
Virgin Islands,2012,2015,2,20,78
Virgin Islands,2012,2012,2,20,78
Virgin Islands,2012,2016,2,20,78
Virgin Islands,2012,2017,2,20,78
West Bank,2012,2002,9,28,63
West Bank,2012,1999,9,28,63
West Bank,2012,2003,9,28,63
West Bank,2012,2004,9,28,63
West Bank,2012,2005,9,28,63
West Bank,2012,2006,9,28,63
West Bank,2012,2007,8,18.2,73.9
West Bank,2012,2008,8,13,79
West Bank,2012,2015,2.9,23.6,73.5
West Bank,2012,2014,3.5,25.2,71.4
West Bank,2012,2016,3.5,25.2,71.4
West Bank,2012,2017,2.9,20.9,62.7
Western Sahara,2012,2003,40
Western Sahara,2012,1996,40
Western Sahara,2012,2004,40
Western Sahara,2012,2005,40
Western Sahara,2012,2006,40
Western Sahara,2012,2007,40
Western Sahara,2012,2008,40
Western Sahara,2012,2015,40
Western Sahara,2012,2016,40
Western Sahara,2012,2017,40
World,2012,2002,4,32,64
World,2012,2001,4,32,64
World,2012,2003,4,32,64
World,2012,2004,4,32,64
World,2012,2005,4,32,64
World,2012,2006,4,32,64
World,2012,2007,4,32,64
World,2012,2008,4,32,64
World,2012,2015,6.6,31,62.5
World,2012,2014,6.6,31,62.5
World,2012,2016,6.4,30.4,62.6
World,2012,2017,6.4,29.9,63
Yemen,2012,2002,17,40,43
Yemen,2012,1998,17,40,43
Yemen,2012,2003,22,38,40
Yemen,2012,2001,22,38,40
Yemen,2012,2004,15.2,45,39.7
Yemen,2012,2005,15.5,44.7,39.7
Yemen,2012,2006,13.5,47.2,39.3
Yemen,2012,2007,12.4,42.2,45.4
Yemen,2012,2008,12.4,40.9,46.7
Yemen,2012,2015,9.2,26.8,64
Yemen,2012,2014,9.2,26.8,64
Yemen,2012,2016,22,11.3,66.6
Yemen,2012,2017,21.8,9.8,68.4
Zambia,2012,2002,24,25,51
Zambia,2012,2000,24,25,51
Zambia,2012,2003,22,26,52
Zambia,2012,2001,22,26,52
Zambia,2012,2004,15.3,27.9,56.9
Zambia,2012,2005,14.9,28.9,56.1
Zambia,2012,2006,22,29,48.9
Zambia,2012,2007,18,25.7,56.3
Zambia,2012,2008,17.4,26.1,56.5
Zambia,2012,2015,10.8,32.9,56.3
Zambia,2012,2014,10.8,32.9,56.3
Zambia,2012,2016,8.9,30,61.1
Zambia,2012,2017,5.4,35.7,60
Zimbabwe,2012,2002,11,14,75
Zimbabwe,2012,2000,11,14,75
Zimbabwe,2012,2003,18,24,58
Zimbabwe,2012,2001,18,24,58
Zimbabwe,2012,2004,17.3,24.5,58.3
Zimbabwe,2012,2005,18.1,24.3,57.7
Zimbabwe,2012,2006,17.9,24.3,57.9
Zimbabwe,2012,2007,16.7,21.6,61.6
Zimbabwe,2012,2008,18.1,22.6,59.3
Zimbabwe,2012,2015,20.1,25.7,54.2
Zimbabwe,2012,2014,20.1,25.7,54.2
Zimbabwe,2012,2016,13.2,28.5,59
Zimbabwe,2012,2017,12.5,27,60.6
European Union,2012,2004,2.3,28.3,69.4
European Union,2012,2005,2.2,28.3,69.4
European Union,2012,2006,2.2,27.3,70.5
European Union,2012,2007,2.1,27.3,70.5
European Union,2012,2008,2.1,27.1,70.7
European Union,2012,2015,1.8,25.2,73
European Union,2012,2014,1.8,25.2,73
European Union,2012,2016,1.6,24.6,70.6
European Union,2012,2017,1.5,24.7,71
Macedonia,2012,2004,11.3,32.1,56.6
Macedonia,2012,2003,11.3,32.1,56.6
Macedonia,2012,2005,11.2,26,62.8
Macedonia,2012,2006,11.8,31.9,56.3
Macedonia,2012,2007,12.6,29.5,57.9
Macedonia,2012,2008,11.9,28.2,59.9
Macedonia,2012,2015,8.8,21.3,69.9
Macedonia,2012,2014,8.8,21.3,69.9
Macedonia,2012,2016,11.2,26.1,62.7
Macedonia,2012,2017,9.9,29.7,60.4
Isle Of Man,2012,2006,1,13,86
Isle Of Man,2012,2000,1,13,86
Isle Of Man,2012,2007,1,13,86
Isle Of Man,2012,2008,1,13,86
Isle Of Man,2012,2015,1,13,86
Isle Of Man,2012,2012,1,13,86
Montenegro,2012,2015,8.3,21.2,70.5
Montenegro,2012,2013,8.3,21.2,70.5
Montenegro,2012,2016,8.3,21.2,70.5
Montenegro,2012,2017,8.3,21.2,70.5
Serbia,2012,2006,16.6,25.5,57.9
Serbia,2012,2005,16.6,25.5,57.9
Serbia,2012,2007,16.6,25.5,57.9
Serbia,2012,2008,12.3,24.2,63.5
Serbia,2012,2015,8.2,36.9,54.9
Serbia,2012,2014,8.2,36.9,54.9
Serbia,2012,2016,9.5,41.9,48.6
Serbia,2012,2017,9.9,41.2,48.9
Saint Martin,2012,2007,1,15,84
Saint Martin,2012,2000,1,15,84
Saint Martin,2012,2008,1,15,84
Saint Martin,2012,2015,1,15,84
Saint Martin,2012,2016,1,15,84
Saint Martin,2012,2017,1,15,84
Timor-Leste,2012,2007,8.5,23.1,68.4
Timor-Leste,2012,2004,8.5,23.1,68.4
Timor-Leste,2012,2008,32.2,12.8,55
Timor-Leste,2012,2005,32.2,12.8,55
Timor-Leste,2012,2015,5.2,72.8,22.1
Timor-Leste,2012,2014,5.2,72.8,22.1
Timor-Leste,2012,2016,7,70.3,22.5
Timor-Leste,2012,2017,9.2,57.8,31.6
Kosovo,2012,2008,20,20,60
Kosovo,2012,2007,20,20,60
Kosovo,2012,2015,12.9,22.6,64.5
Kosovo,2012,2009,12.9,22.6,64.5
Kosovo,2012,2016,12.9,22.6,64.5
Kosovo,2012,2017,12.9,22.6,64.5
Cabo Verde,2012,2015,10,18.6,71.4
Cabo Verde,2012,2014,10,18.6,71.4
Cabo Verde,2012,2016,7.3,16.5,76.2
Cabo Verde,2012,2017,8.1,18.2,73.7
Curacao,2012,2015,0.7,15.5,83.8
Curacao,2012,2012,0.7,15.5,83.8
Curacao,2012,2016,0.7,15.5,83.8
Curacao,2012,2017,0.7,15.5,83.8
Czechia,2012,2016,2.5,37.3,60.2
Czechia,2012,2015,2.5,37.3,60.2
Czechia,2012,2017,2.5,37.5,60
Sint Maarten,2012,2015,0.4,18.3,81.3
Sint Maarten,2012,2008,0.4,18.3,81.3
Sint Maarten,2012,2016,0.4,18.3,81.3
Sint Maarten,2012,2017,0.4,18.3,81.3
